1708	1
198	2
198	3
6342	4
6195	5
4971	1
1769	2
1769	3
4874	6
98	6
4099	7
1909	8
5975	3
6126	9
1134	10
1134	11
5975	7
5975	12
5975	13
1228	1
1228	14
109	2
6333	10
6333	15
2872	2
109	3
2820	16
1358	7
2820	17
4315	1
824	15
4315	18
981	7
4315	19
4348	20
4348	21
6148	22
5797	23
5797	24
958	2
3549	25
1606	26
1606	27
809	28
1398	5
1398	20
1398	21
3375	25
1625	25
4364	3
1987	29
1987	25
1987	30
1569	29
14	29
4454	1
4454	25
5402	3
3335	1
3335	31
3335	18
5790	1
2482	1
2482	31
2482	18
3146	1
3146	31
3146	18
25	1
2995	32
5324	7
3794	25
3431	2
3431	25
3431	5
2654	1
2654	33
5797	3
5797	34
432	35
432	2
432	3
432	6
432	24
69	3
667	3
667	1
3384	2
3384	3
361	18
3047	36
3047	3
4854	37
6006	5
5797	38
3449	39
5794	40
351	2
351	3
12	41
11	41
5235	1
3549	2
1770	42
2546	43
2546	37
2546	1
2827	43
2827	37
2827	1
3549	3
2827	44
3714	42
3549	1
3069	45
1072	3
1072	1
3655	1
3655	25
3655	5
2556	3
2556	46
6115	10
6115	7
1606	1
950	1
896	1
5590	47
4986	2
4986	1
4986	48
4986	47
1922	49
1922	50
1922	48
1922	51
1922	52
1922	53
1040	15
6084	36
1251	54
139	54
19	28
1422	22
2115	2
2115	22
1921	55
6138	3
5677	1
3375	1
1594	2
28	2
30	2
2628	1
5	1
1625	1
6	1
17	1
1987	1
1607	5
3436	56
2198	1
6295	45
907	57
5605	58
2664	5
1851	2
1851	3
1851	59
1851	60
601	5
284	3
6146	2
4451	2
4451	3
283	5
2043	22
1569	1
5446	22
5446	61
3288	22
4601	14
5320	2
5320	10
5320	54
2962	3
3851	2
3851	3
3988	40
14	1
1299	1
2008	3
2008	1
4454	2
5402	47
4860	3
2266	2
2266	1
2266	5
1650	47
1650	62
5905	15
2562	10
2562	15
2722	10
933	2
933	1
4230	2
4230	3
4230	48
4230	5
4230	47
4943	1
4943	63
4943	64
3335	2
915	15
1252	54
140	54
3335	3
2020	47
2020	62
4502	2
3185	5
285	47
285	62
4261	3
4261	22
3335	5
844	22
5355	22
3335	47
1196	60
1196	65
5972	66
2088	3
2482	2
2482	3
2088	22
2159	22
4376	22
3684	22
3684	61
4266	22
6040	22
4749	22
1986	22
3932	22
3965	22
2482	5
5070	12
5070	15
463	12
463	13
1086	12
6052	67
2482	47
4080	12
3670	2
3670	3
3670	68
934	2
934	3
934	69
2923	3
2923	69
5858	70
5858	60
5858	71
5858	72
3449	73
2070	2
2070	3
2070	74
2070	75
3146	5
3177	3
3177	6
3177	48
3177	76
3177	77
3146	47
4277	1
4277	78
3948	2
3948	5
70	25
6299	63
6299	79
6299	80
4992	3
4992	1
4	1
23	1
872	2
872	81
872	5
872	82
782	83
782	2
782	84
3263	2
3263	3
3263	68
4967	85
6101	2
6101	5
6101	68
691	13
5697	2
5697	3
6172	73
805	86
4939	1
805	10
805	87
4370	88
4370	86
4370	10
5749	89
5749	90
6356	3
2250	91
2481	47
1428	23
2995	1
2700	1
5915	92
5915	2
4431	93
4431	2
1750	1
3379	94
3379	95
6361	96
6361	97
6361	98
6361	79
6361	23
6361	24
6361	38
3794	1
4978	99
1515	2
1515	100
1515	3
1515	101
3682	8
926	3
926	38
5564	30
4976	102
4976	2
376	96
376	103
376	23
376	24
376	38
4498	92
4498	2
1857	104
1857	105
1857	81
1847	2
1847	5
3431	1
1432	106
1432	2
1432	5
1432	107
5554	29
3686	31
3686	5
3686	108
1253	3
1253	25
5009	1
5009	109
5009	64
3699	1
4629	33
1243	2
4586	2
1197	2
245	1
245	39
245	78
3308	1
3308	110
389	111
389	112
187	1
187	29
6387	1
6387	29
6387	113
5796	56
6147	23
3229	3
3229	80
5458	2
5458	3
5458	60
69	47
5969	114
5872	2
6218	3
6218	1
2021	5
6051	37
870	2
870	5
1988	2
1988	3
4463	115
4463	1
4463	116
4463	117
2056	2
5611	5
5611	118
2684	33
2550	104
667	47
2918	2
2918	3
2918	47
5440	12
5196	12
1929	5
522	119
4655	120
361	19
2659	121
5281	14
3047	37
1887	96
1887	122
1887	123
1887	38
6296	58
6296	124
2374	3
2374	1
3047	1
1890	2
1890	125
1890	126
1890	127
3047	19
54	34
5766	2
5766	10
5766	1
5766	5
4366	5
5084	47
5084	128
4854	3
3227	3
3227	23
3227	24
2982	37
1610	1
1610	29
4854	6
1169	2
1169	3
6163	1
6163	33
6163	5
6233	1
6006	2
282	3
1695	63
1695	80
6006	3
1559	129
1559	2
1559	3
1558	18
3307	2
3307	14
6006	38
4812	14
5641	57
3266	3
3266	6
3265	29
2649	130
2649	131
2649	47
614	3
273	2
4379	2
273	3
3074	36
3074	47
3074	24
3103	1
3103	48
3103	47
3449	1
660	3
660	98
2670	96
2670	24
2670	132
5752	133
5752	134
12	1
6135	135
6135	136
6135	72
3293	137
3293	138
11	1
4301	5
4301	139
4048	1
220	5
221	5
350	1
1328	66
5909	2
5909	140
2215	141
1902	142
1902	143
1902	144
1902	78
4487	30
4487	55
4531	55
3516	2
3516	145
3516	5
3184	146
3120	2
3120	3
3120	147
1259	33
1770	3
4095	2
4095	3
4095	148
4095	149
5028	150
4254	12
3785	12
3289	12
6287	22
4181	12
1025	3
2656	22
1510	61
838	22
2546	3
4330	22
1348	2
2546	5
2546	47
2827	5
1402	2
2827	47
4069	2
4141	2
1764	1
6325	2
6352	2
6349	2
4336	2
2599	2
2038	2
3886	48
3886	47
2038	3
6388	47
4170	2
4170	1
3832	151
3714	3
1072	47
4726	2
4726	3
3032	22
5590	2
3822	22
5590	3
3372	152
3372	14
3372	78
5590	19
584	130
4539	37
4539	130
4539	47
4798	22
5806	22
6229	22
3421	22
5053	22
2793	22
2400	12
4986	19
6318	12
4206	60
1650	153
1922	1
3474	12
2858	12
5984	12
5984	13
454	12
454	13
217	12
1784	12
232	22
1798	2
1798	5
1798	22
6118	22
2147	22
1984	22
2903	22
1044	12
311	12
5439	22
5195	22
5160	153
1640	22
1458	22
1883	2
2794	24
2448	2
4068	154
4071	154
4073	154
2702	5
2704	5
3081	145
349	22
167	22
959	22
959	61
903	22
903	61
953	22
899	22
19	1
699	2
752	2
4066	154
2624	155
2624	10
2624	3
2624	60
2269	1
1838	14
1838	156
3063	157
3063	117
4076	158
3233	1
1287	145
35	151
35	2
35	3
35	76
35	18
3858	151
3858	3
3858	1
3858	5
3858	76
3858	18
2652	6
895	22
1381	28
6362	28
1422	37
295	22
1689	47
2513	14
2513	33
2513	110
807	1
722	2
722	74
1678	18
962	47
2085	2
55	10
55	61
3826	5
5836	10
5836	124
1193	159
1193	160
1193	141
1193	5
960	79
2074	5
4306	1
1067	5
72	96
72	2
72	3
72	23
72	24
72	38
997	3
997	76
1519	151
6238	2
356	2
5260	6
5260	79
613	161
613	162
613	67
613	163
613	164
613	165
613	166
613	38
611	8
611	38
4791	2
4791	5
4587	2
4587	5
4501	167
387	5
2860	151
2860	2
2860	3
2671	158
5080	89
5108	93
5108	2
5108	5
5108	168
4380	47
1254	86
6266	5
2025	2
2025	5
415	60
415	65
1239	169
4477	114
4477	48
4378	170
4378	114
4378	48
3228	47
3228	62
2364	28
4890	171
3628	5
3628	47
3628	24
5843	115
5843	1
4959	143
4319	1
471	1
5142	2
5142	172
2363	133
2363	134
3712	79
3712	47
3712	38
4787	151
4787	173
4787	174
4420	2
4420	1
4857	3
2127	2
2127	100
2127	3
2127	47
2127	101
803	121
3189	2
907	2
1027	2
1027	3
4522	175
4522	47
4148	176
907	1
5130	141
3985	47
1146	47
1146	44
4000	47
5658	1
5658	5
2492	2
2492	114
71	2
4990	115
4990	157
1833	177
1833	2
1833	167
1920	33
1920	178
1920	78
161	91
4519	2
4519	5
2919	179
2919	180
2735	2
2735	181
2735	182
2735	183
2179	49
1063	47
1448	2
2217	184
470	2
470	3
470	185
2435	47
2435	24
5427	2
5427	186
6379	6
6379	77
1448	3
3640	171
3611	91
832	111
832	110
4601	1
2042	3
2042	22
5552	22
3614	94
3614	2
301	24
4970	187
6064	1
6064	188
4179	189
4091	190
4091	151
4091	3
3250	37
3250	190
3557	1
3557	5
3241	2
3241	3
2320	2
2320	24
1076	2
1076	3
1076	126
2734	191
2734	63
2962	1
1990	2
1990	145
1990	5
1848	192
1848	2
1848	5
1244	193
3753	133
3753	134
4108	5
4458	194
3850	151
1178	2
1178	25
1178	195
3604	37
1222	111
1222	110
5746	196
3134	197
3134	198
3134	199
4783	25
4783	33
4783	178
381	2
381	200
4276	2
5999	1
1060	3
1637	201
1283	33
1283	184
6377	202
2178	2
3482	47
3078	6
3078	203
2008	5
1219	33
866	115
1313	204
1144	114
1144	146
1144	1
3964	205
1905	205
779	10
779	206
779	13
3519	2
3519	3
2573	18
5515	3
2138	6
2920	207
2920	208
5825	1
355	2
355	115
355	209
743	165
743	180
3814	210
338	2
338	3
338	60
398	211
398	151
398	212
1454	99
2906	181
2906	57
1865	1
1865	143
1865	78
2483	143
4040	2
3128	6
3128	213
4163	59
4163	60
4163	204
2819	145
5102	2
3020	1
3020	63
3020	64
1351	6
5666	14
3277	214
738	2
738	200
4010	215
4010	63
378	6
1160	49
1160	79
1160	134
1160	216
2531	1
4760	1
156	2
156	3
156	38
2285	3
1730	47
5164	5
5164	23
5164	24
5164	122
2623	22
3387	83
3387	161
3387	217
6330	67
6330	218
1429	165
2805	2
2805	10
5924	35
5924	2
5924	219
1650	1
4147	2
4147	220
4147	10
954	211
954	151
5216	18
730	37
730	130
730	47
2524	2
3584	1
3584	33
4967	221
5027	180
5648	28
1161	16
1161	17
1161	88
2296	5
1550	1
1550	5
6385	222
5042	58
2455	141
1650	6
5018	63
5018	79
627	223
4943	3
171	14
39	191
39	224
38	80
38	225
37	64
348	2
348	183
182	226
569	2
569	5
569	140
1711	2
1711	5
4317	14
4317	227
5459	33
345	79
2020	1
5705	131
5705	47
5705	228
3412	3
3412	131
3412	47
2020	5
5883	2
2615	2
2615	5
2615	140
5883	3
5883	1
2167	229
265	1
4651	2
2675	151
412	99
4143	96
4143	151
4143	47
4143	23
4143	24
4143	230
4143	231
4143	38
285	37
6129	5
6129	108
3767	190
3767	130
3767	232
3767	47
3767	8
3767	233
904	79
285	19
5397	1
5397	48
1171	144
1171	78
3975	234
4223	33
4223	5
4223	78
4261	7
5550	207
5550	208
6028	235
6028	14
6028	25
6028	111
2052	2
2052	3
2440	6
2440	19
5821	96
5821	23
5821	24
5821	122
5821	236
5821	123
5821	85
5821	38
5821	237
3400	1
5929	47
3182	96
3182	238
3182	47
3182	23
3182	24
5367	234
318	239
795	240
3400	6
2474	3
4403	2
4403	3
3400	19
4174	1
4174	78
2004	111
2004	144
4780	171
4554	48
2956	241
2956	189
2956	2
5315	35
5315	2
5315	219
6374	239
4841	171
4799	37
6372	242
5628	2
1196	5
6274	243
3240	155
3240	2
3240	57
3240	3
426	57
5972	1
426	58
426	124
6383	57
6383	58
6383	124
5717	57
5717	58
5717	124
4754	2
4754	3
6155	35
6155	2
6155	3
2090	10
2090	61
3127	13
5535	2
5535	3
5535	76
5535	23
5535	244
1771	3
3541	2
3541	114
3541	157
3333	135
3333	71
3333	72
3515	99
1771	47
407	35
811	245
811	3
3684	3
6116	202
6116	246
6116	247
5587	197
5587	198
5587	199
1986	3
4320	37
4320	151
4320	5
4320	173
4320	174
2192	248
3329	18
3009	144
3009	78
2067	226
4350	248
6381	248
3420	2
4037	2
4037	5
6063	248
5070	7
5859	249
5859	21
2023	249
463	7
1086	7
3256	2
3256	3
3256	38
1854	33
1041	248
6172	250
4080	3
3377	251
3377	252
3377	210
3377	253
3377	254
3378	1
3378	6
1747	3
1747	147
312	181
6113	1
6113	111
6113	227
6113	112
3729	151
3729	159
3729	98
3729	180
3348	241
2950	3
3830	86
5208	2
1371	28
3875	255
3875	116
5988	196
2109	2
5154	115
1191	3
5154	256
830	1
830	78
2610	2
2610	114
2610	181
2610	6
2610	231
854	257
3828	2
5782	2
5782	140
3177	151
4222	3
4222	47
5445	5
5445	30
2368	3
3279	1
4837	1
6194	124
5703	57
5703	58
5703	124
1679	2
1679	48
1679	258
4865	259
4865	40
4865	47
4865	18
4865	233
4865	30
4865	62
2185	155
2185	2
2185	3
2185	60
5435	2
2083	2
2083	3
1785	2
1785	3
3948	3
5827	211
5827	151
2372	67
2372	24
70	1
5075	3
5075	79
5075	47
1215	49
1215	6
1215	233
4185	6
4185	79
4185	260
4185	80
4185	261
5801	6
6050	2
6050	5
6299	1
3947	25
3947	5
6299	6
365	262
365	263
365	264
2246	96
2246	238
2246	23
2246	24
5700	58
2473	29
107	88
107	241
107	2
107	265
107	3
107	5
3158	171
3813	171
2460	1
1166	2
1166	3
3713	2
3713	3
5901	2
4154	151
4154	50
4154	130
4154	98
4154	262
4154	263
4154	264
5318	266
5318	267
5318	268
5375	5
2500	5
2887	48
2887	80
2887	233
2887	261
2168	151
3616	2
3616	1
1897	130
1897	5
1897	47
677	269
3855	96
3855	270
3855	23
3855	24
3855	165
3855	38
3003	2
702	167
4360	194
2787	47
5045	47
5045	24
5045	228
6357	35
2356	171
1270	271
3780	14
3781	6
691	7
5132	5
5132	99
3930	98
3930	5
4285	3
4552	47
901	245
4370	1
956	30
2398	2
2398	272
2660	2
2660	273
2418	249
2418	21
4494	249
4494	21
3404	1
2797	3
3404	156
1532	174
4758	109
183	258
2250	2
4219	36
4219	18
300	14
3877	47
2481	6
2481	19
2673	80
5857	2
2431	22
3702	274
360	154
1323	155
1323	2
1323	3
1323	34
1323	24
1323	60
5857	3
1618	2
1618	137
1618	3
1618	138
1618	54
1618	275
4625	49
4625	3
4625	79
4625	5
1680	210
1680	276
6371	2
6371	3
6371	256
6361	1
253	2
253	3
253	277
253	278
5848	2
5847	33
5000	2
6014	3
1463	2
1463	3
3416	221
3416	2
3416	3
3416	126
5184	96
5184	35
5184	2
2388	35
2388	2
2388	3
6305	2
6305	3
6305	67
6305	163
6305	24
6361	63
922	2
922	3
4123	2
4123	3
887	3
6361	6
887	6
5338	1
3973	1
5647	2
5647	258
5647	21
6361	47
4853	279
4853	280
239	2
239	234
4404	6
4404	31
5694	1
3776	3
4892	2
4892	12
3695	194
6361	34
6361	19
4978	19
4530	8
4606	2
4606	1
4606	5
4606	281
2057	281
698	96
698	24
1022	282
1792	149
4769	223
663	3
663	1
747	283
719	150
2024	6
1515	1
657	284
657	285
657	129
657	164
657	286
657	287
657	288
657	273
3682	6
664	228
664	180
664	62
664	289
616	3
682	1
754	47
658	171
659	3
681	151
4976	1
692	5
692	290
693	2
693	5
693	195
694	6
376	34
695	291
695	292
695	181
695	10
695	3
697	47
676	5
721	2
721	3
723	226
612	5
615	293
615	208
618	3
618	165
618	180
737	1
5554	1
600	2
600	1
600	294
642	37
642	3
642	25
642	79
3686	3
3686	1
648	78
705	295
705	114
727	10
1253	1
3000	3
5009	63
2247	3
2495	2
2495	3
4629	1
1243	3
1243	5
389	1
831	1
602	2
5796	3
3229	1
5872	3
3077	1
6051	1
6051	6
3982	48
3982	260
3982	80
3982	261
822	49
822	260
607	96
607	24
607	230
607	296
917	58
2135	12
2135	13
1776	258
1866	241
1866	2
1777	93
1777	241
4950	5
4950	297
4950	298
2684	1
1613	80
595	106
595	299
596	2
596	5
596	60
598	221
598	24
599	300
585	37
585	233
585	301
4763	2
617	1
621	76
621	60
622	302
623	303
628	304
629	305
631	2
631	3
634	99
4763	3
589	1
636	24
637	6
4763	5
637	306
638	2
638	10
638	61
640	307
645	10
645	13
590	226
646	54
646	30
646	117
647	151
647	237
653	151
654	214
654	47
593	308
593	130
593	44
1042	3
594	120
594	78
757	99
665	47
672	8
672	23
672	24
679	47
690	284
690	285
690	23
690	24
690	309
704	151
704	6
706	171
4464	16
1388	2
707	10
708	6
712	310
715	10
1388	3
715	3
715	7
715	13
715	311
717	312
724	313
724	80
726	171
733	161
733	155
733	2
733	3
733	60
733	12
733	314
522	6
734	25
734	33
735	315
736	299
740	114
740	10
740	316
744	228
4655	1
744	18
748	2
748	3
748	69
749	141
749	317
749	318
5029	16
5145	319
892	96
892	35
892	2
892	23
892	24
891	320
891	321
891	2
891	48
891	5
891	322
891	323
891	324
4480	1
1882	181
1882	10
1882	7
2771	1
5407	93
5407	325
5407	283
847	319
847	88
2128	145
2128	326
2128	30
1421	319
6027	22
3761	2
1856	14
1856	33
6253	25
939	2
4600	67
4600	327
5514	162
5514	326
4415	2
4415	118
6057	3
3239	79
5206	88
5206	241
5206	265
3272	88
3272	241
3272	265
3451	12
3017	22
4957	22
5585	13
3615	2
3615	1
5281	1
3615	5
1147	2
1147	186
558	256
3331	328
1887	1
3331	329
1966	3
4173	3
2442	2
2442	114
5247	151
5247	212
3271	190
114	67
114	24
111	96
111	23
111	24
111	330
332	18
5413	1
5413	14
5413	290
4408	2
1887	63
4408	331
2131	1
2131	33
2131	110
2047	2
2047	100
2047	3
3045	25
3045	98
3045	184
4055	332
4055	151
4055	173
4055	174
1521	79
1887	6
5588	79
89	226
2307	25
1887	47
1648	333
1648	162
1648	334
1648	164
5026	28
2082	57
1887	24
5001	58
5001	124
62	2
62	252
62	210
62	253
63	335
63	336
5668	337
2740	10
2740	338
4822	1
1741	3
5625	1
5625	339
1596	3
3719	3
3719	290
180	340
3596	129
3596	18
3596	341
3594	252
3593	31
3593	99
3500	179
3500	180
5729	3
5729	1
3501	342
4756	92
4756	2
4701	31
4699	343
3619	2
3619	3
4366	2
2306	63
2306	274
206	164
6052	218
2160	3
3495	28
4366	3
1535	6
2531	344
4760	344
1535	80
1535	261
1363	98
1363	274
1363	6
1059	1
4923	33
4923	339
4923	78
4204	36
4204	24
4204	18
6272	2
6272	345
2538	177
6102	83
6102	2
6102	79
6102	67
6102	47
6102	23
6102	24
6102	316
1864	2
1864	3
2416	98
5084	19
476	96
476	23
476	24
476	278
3879	22
5701	2
287	96
287	129
287	3
287	24
287	128
1716	241
3730	346
163	2
163	137
163	3
163	138
163	54
163	275
4511	243
4191	2
4191	137
4191	3
4191	138
4191	54
4191	275
1387	25
1387	5
555	168
5942	2
3513	229
3513	257
2844	80
2982	129
6306	2
1534	47
5420	47
1187	47
1187	23
1187	24
2403	47
5812	31
5812	47
6288	258
2911	2
2911	3
2005	258
2005	21
6204	2
6204	137
6204	3
6204	138
6204	54
6204	275
6204	117
6204	347
4626	76
2155	1
2509	161
2509	2
2509	67
3509	66
5005	98
5005	184
5005	5
60	130
60	141
60	47
60	24
60	348
60	261
1315	83
1315	102
1315	349
1881	2
1881	3
383	94
383	95
2511	171
40	350
43	130
3689	3
44	2
44	1
47	295
47	129
48	83
52	151
53	351
53	352
45	245
45	2
45	3
45	67
45	23
45	24
45	38
51	155
51	3
51	69
1113	47
42	267
50	3
3860	2
3860	3
3860	30
3860	298
1096	353
2050	354
2316	36
4961	1
5182	355
5393	10
2622	1
3039	1
3039	64
1558	47
5169	3
5128	315
5128	234
1692	3
3307	1
5704	25
5704	113
5704	356
5704	110
5704	357
6220	30
155	1
155	5
1638	14
2427	5
942	3
157	79
5280	18
1074	83
1074	84
495	5
6297	67
6297	24
4025	358
4812	1
6244	1
3622	14
5976	93
5976	2
2291	36
2291	8
2291	278
4116	110
4866	2
4866	3
2324	2
4118	359
4118	6
4118	99
4527	1
4527	33
5641	2
3621	48
3621	360
3624	243
3626	37
4117	156
5641	1
1097	361
1097	30
6386	58
3853	2
3853	3
3265	1
3960	223
3034	2
3034	115
3034	54
219	271
2729	2
2729	226
6072	6
3578	96
3578	23
3578	24
3578	38
3337	3
4375	151
392	362
3715	363
3715	364
3715	226
3715	280
5277	1
5277	227
3337	1
2545	249
2545	21
1390	365
1390	103
794	366
6169	83
6169	162
3880	3
3882	37
2649	5
1151	3
1445	171
3671	171
4991	2
4991	217
841	98
841	184
4327	2
4327	3
689	1
689	78
6321	1
3212	2
3212	5
965	2
5209	1
3660	36
3660	154
4235	284
4235	285
4235	295
4235	129
4235	286
4235	287
3403	284
3403	285
3403	295
3403	129
3403	164
3403	218
3403	286
3403	287
3403	273
3694	96
3074	37
3694	34
3694	38
2745	47
1379	47
2743	47
2758	284
2758	40
2758	228
2758	286
2758	287
33	367
498	1
498	143
498	78
6381	50
2465	6
2465	31
3103	5
3258	36
3258	40
3258	18
147	368
147	83
5527	368
5527	2
5527	5
1694	135
1694	136
1694	71
1694	72
660	1
4018	2
4018	3
6354	47
6354	80
6354	122
6354	226
6354	278
6017	241
5724	3
5724	23
5724	24
5724	38
6037	3
6037	23
6037	24
6037	38
673	2
59	34
59	23
59	236
1200	106
1200	299
1200	107
976	338
2007	20
2007	21
4867	3
4867	70
4867	60
4867	72
4256	244
4256	199
4430	197
4430	67
4430	369
1238	133
1238	134
673	3
5752	5
4210	133
4210	134
2423	163
2423	370
2423	371
2134	2
2134	3
3061	2
3061	3
3061	180
3971	110
3870	251
3870	2
3870	5
3870	252
3302	240
3293	2
6170	162
6170	2
6170	3
6170	67
6170	218
6170	165
6170	38
2576	10
2576	3
2576	59
2576	76
1777	33
3293	3
3390	124
2219	54
2219	372
4565	14
5224	373
5224	266
5224	267
5224	30
5224	268
4542	374
4542	2
4542	24
5762	37
5762	151
2959	2
2959	375
2959	21
2520	96
2520	24
4716	175
4716	31
4716	5
4716	290
4716	231
1029	47
1691	234
532	234
1091	130
1328	1
5094	184
1462	37
1462	101
2034	376
5922	377
3203	2
2438	3
2215	37
3820	10
1450	146
1450	48
2384	234
4901	155
4901	2
4901	3
4901	60
1902	1
6001	76
3275	2
3275	5
3275	140
3010	2
3010	310
4487	2
1815	337
1815	162
1815	285
1815	2
1815	10
1815	67
1815	346
1815	24
1815	378
1153	180
1153	85
3100	376
4487	3
3706	151
3706	47
3706	379
3706	380
3706	381
6202	5
6202	99
192	5
192	290
192	261
5680	295
5680	18
4531	163
4350	3
388	382
388	240
5504	235
5384	2
5384	3
2265	3
2265	272
2265	107
995	2
1357	3
1357	383
1636	171
1634	79
1634	384
1633	5
1630	385
5807	31
1259	1
5592	376
1626	284
1626	18
1623	192
1622	354
1858	271
1858	239
1860	386
5575	376
1863	76
1863	60
181	98
1850	106
1850	387
1850	107
1852	47
1852	388
1852	389
2028	3
127	18
3812	390
936	60
5687	391
3555	391
3886	5
1341	104
1341	105
1341	2
1341	81
1341	5
2044	18
515	2
515	5
151	6
6388	6
153	1
154	392
3473	78
146	2
146	165
146	180
4127	47
4698	376
1016	19
2662	180
3490	37
4321	61
6209	14
6209	304
4441	1
4441	98
988	393
5810	37
3490	19
2203	1
3309	274
3309	394
4418	376
3544	284
3987	151
3987	130
1709	6
2212	6
2212	233
2268	8
3137	130
3137	141
4839	114
4839	395
5892	5
778	83
778	2
778	396
4779	2
4779	172
823	33
6181	37
359	27
489	155
489	60
489	297
4638	310
325	137
3323	37
325	397
325	138
4212	2
2238	376
978	151
1413	14
4681	241
6132	37
6132	80
5313	37
4859	156
2952	238
2952	23
2952	24
3935	88
5525	130
5525	79
6241	96
6241	238
6241	23
6241	24
3533	1
3536	33
3534	2
2175	2
5867	3
5867	242
5867	99
6130	151
6130	129
6130	47
6130	261
6010	96
6010	3
6010	23
6010	165
6010	38
5482	6
4762	1
943	1
3032	2
943	14
3843	61
2454	141
2454	384
3685	398
3685	3
5251	399
3032	3
1469	1
1469	25
2801	13
2801	400
2802	96
2802	23
2802	24
2802	80
3821	47
2592	28
683	47
683	99
2800	171
2505	12
3459	6
3822	1
5236	47
1889	401
445	48
445	290
5237	58
5237	1
5136	136
5136	72
2224	151
2224	261
3372	1
5621	130
5621	402
5621	403
2343	331
4302	404
1322	405
1322	48
1127	2
1127	3
1127	47
1127	38
4397	37
4397	151
4397	212
4900	2
4900	3
4900	5
3286	2
3286	24
142	2
3053	3
3502	181
3502	10
3502	61
3505	2
3505	382
3505	240
3506	366
1782	48
5606	375
1434	375
584	37
3648	375
1406	2
1406	172
5643	47
1108	285
2251	114
5244	2
5244	5
5244	234
4886	390
4101	14
6171	14
3591	24
4088	338
2810	241
3590	2
5822	130
5822	141
5822	348
5822	261
1676	114
1675	96
1675	238
1675	23
1675	24
1675	38
816	31
2818	2
2818	271
2818	239
6393	8
2426	80
5135	96
5135	180
2327	362
6182	1
815	2
815	181
815	10
2617	2
3629	3
1751	1
2283	271
2283	239
2283	276
2606	47
6361	151
5458	406
3474	3
3474	7
2858	7
1285	33
3708	3
3708	125
6020	103
5984	7
454	3
217	7
1784	7
6071	407
3644	255
3644	27
4464	17
4464	88
1044	7
5534	109
3789	79
311	7
4581	2
4581	5
4692	7
1489	3
3559	2
3559	5
3846	10
3846	13
1489	1
1578	1
444	48
444	196
4425	1
443	320
443	321
443	322
443	323
443	77
443	324
530	28
5223	98
5223	5
4073	19
1587	114
1587	6
1587	48
1587	376
859	351
859	408
2157	6
2157	409
2207	5
2207	204
225	1
225	410
5712	141
5386	162
5386	164
5386	411
4964	3
1954	197
1954	412
1954	199
3646	2
3646	3
3646	15
3646	317
1444	155
1444	2
1444	57
1444	3
3253	151
3253	130
2868	6
1952	5
4066	114
3253	402
3253	413
31	362
4673	414
4673	76
4673	415
4066	6
4426	2
2689	234
3643	31
3643	80
2220	3
2220	47
2220	101
1501	36
5035	36
3787	3
189	3
189	23
189	24
189	180
193	3
194	416
194	417
194	418
3238	3
3787	47
3238	47
203	23
203	24
204	96
204	24
207	1
4811	1
3693	307
3691	419
1838	1
1837	2
1837	3
4076	1
3690	2
3690	34
3690	267
3683	49
3680	3
3680	214
3680	420
3679	151
3507	10
3510	421
3602	284
3602	24
3600	10
3600	13
3601	422
3610	138
35	5
35	47
5123	264
3858	47
3612	2
3612	3
1123	2
1123	3
1971	151
1971	423
1971	424
895	37
5824	2
5824	180
4427	3
4427	5
4427	76
4093	3
1381	1
5089	3
1745	3
1745	69
1271	98
1271	274
1271	5
6362	1
1271	394
3393	49
3393	151
3393	2
3393	3
3393	47
3393	423
3393	379
3393	380
1334	6
346	106
346	107
1110	61
1109	404
1109	425
1689	1
2362	109
2362	64
1689	5
770	2
770	3
213	159
213	79
213	47
213	62
3067	5
4743	10
4743	176
6025	2
6025	167
6025	426
6025	140
6025	385
6025	416
6025	417
6025	418
2513	1
2227	35
1899	33
1899	110
4563	2
5398	50
5398	3
5398	290
141	181
141	10
141	3
141	7
1678	37
1678	19
1725	3
962	19
2085	1
960	5
141	15
141	13
264	6
264	31
264	427
994	130
994	141
994	277
4081	25
4081	110
4641	370
5133	3
299	226
4322	3
4322	222
3514	2
3514	226
1009	96
1009	23
1009	24
1009	278
1009	38
3553	1
3553	5
3647	58
3562	6
3561	151
3561	212
3558	428
3556	2
3556	5
3556	346
3554	197
3554	429
3552	1
3551	2
997	47
3548	430
3547	47
4323	350
135	36
2350	3
6042	49
6042	3
6042	290
125	431
125	114
125	432
125	6
125	264
3725	2
3725	433
611	6
3674	171
3659	12
3636	33
4501	2
2671	1
5080	6
3580	60
3577	10
3565	25
3565	5
3545	161
3545	434
3252	3
5532	19
3524	1
3521	184
3521	435
3701	37
3701	130
3701	79
3701	99
3701	261
1239	47
2900	19
4477	30
4378	6
4378	30
3572	223
5578	159
3741	159
3228	19
2364	1
4981	159
3782	333
3782	67
3782	436
3782	218
3782	165
3800	2
3800	437
4890	1
5843	2
5843	3
3800	438
4959	1
4253	8
3678	79
3723	47
3720	47
3717	2
3710	305
3709	5
3707	76
3707	60
471	47
5142	1
3700	25
3700	156
2363	5
3712	37
3698	337
3698	2
3677	271
3677	239
3676	10
3676	61
3676	30
3668	37
2127	5
3668	6
3668	18
3662	2
3662	439
803	1
3658	28
3657	405
3657	226
5768	3
4522	19
5130	37
3985	19
3653	63
3653	25
3653	64
3649	37
3649	151
3639	25
3639	110
3632	3
3632	23
1184	2
1184	3
3627	10
3587	437
3587	438
3583	25
3581	10
3573	414
3543	31
3542	358
3539	2
3538	440
3538	103
3537	441
3537	3
4000	23
3530	79
3530	45
3523	442
3523	345
3520	443
3512	346
3512	444
3499	22
3496	79
3496	445
3494	441
3494	3
3740	36
4000	24
3743	14
3743	113
3743	446
3743	447
3746	50
3747	448
3374	204
3747	79
3748	432
3748	159
3749	449
3749	450
3751	10
3752	58
3754	451
3756	195
3757	364
3758	129
3758	2
3758	130
3764	1
3764	452
4512	2
3765	430
3766	453
3769	2
3769	433
3770	110
4512	3
3772	114
3774	31
3790	442
3790	345
3791	2
3791	10
3791	3
3791	61
3793	152
3795	6
3795	31
4990	1
3796	454
3796	455
3796	384
3796	456
1920	3
1920	1
3799	25
3799	5
3804	3
3807	2
3807	1
3809	10
3810	2
3810	197
3810	5
3810	429
2919	47
3811	430
3815	14
3816	364
3817	31
2919	23
3818	96
3818	3
3818	23
3818	24
3818	278
3818	38
3829	96
3829	23
3834	47
3835	214
3835	47
4850	407
2919	38
2475	2
2475	3
4566	171
4367	171
1264	171
5177	171
970	171
4233	171
4746	171
562	171
1502	171
5144	171
1063	37
391	171
548	171
4405	171
6070	171
162	33
4652	3
3367	37
3367	130
3367	6
3367	79
3367	363
3367	47
1063	19
729	5
2463	1
2463	227
3962	3
543	1
1181	2
4599	457
4599	159
4599	79
4224	47
1181	3
1181	47
2645	29
566	37
1632	5
2435	6
6210	81
6210	82
4258	96
4258	24
4258	180
2435	19
4667	5
4663	12
4014	3
230	34
230	24
230	278
229	145
229	30
6379	1
238	22
211	398
179	171
178	24
178	328
278	79
278	458
278	52
278	80
6379	63
279	79
290	1
297	2
298	25
302	250
317	47
6379	19
319	25
331	2
334	47
3640	1
371	1
390	3
390	1
404	151
404	48
404	8
5609	2
408	2
5609	3
414	10
421	5
832	1
437	79
437	141
437	5
418	28
176	2
176	114
176	157
449	1
448	444
270	47
453	129
460	10
4970	2
467	1
455	2
455	3
474	106
474	167
474	107
4970	3
479	2
479	137
479	3
479	138
3557	3
479	54
479	275
479	347
500	274
500	184
506	223
506	459
481	31
519	2
520	151
523	3
523	110
523	435
427	3
524	387
524	460
524	461
561	3
561	30
561	462
511	2
511	3
568	463
255	25
254	47
252	464
252	465
251	2
251	3
250	431
250	49
2734	1
243	2
241	14
3753	5
235	28
1251	466
227	6
4458	3
3850	6
224	197
224	467
223	151
223	50
1178	1
223	468
223	290
188	2
188	3
188	361
1058	2
184	47
173	155
173	3
172	163
172	469
172	24
3263	193
6101	193
1058	3
805	88
805	470
4370	470
166	155
166	471
166	10
166	239
166	314
165	472
165	10
164	2
2918	193
1058	1
160	48
158	335
158	2
158	336
158	5
145	310
266	6
266	226
266	473
267	226
280	47
280	474
722	193
3604	3
4587	193
5108	88
280	475
281	5
281	23
281	24
289	3
293	6
1254	88
1222	1
5746	1
5746	6
293	476
294	2
294	5
303	18
303	38
304	98
304	6
304	31
304	477
3134	30
4783	1
306	47
307	14
308	337
308	129
2109	193
5901	193
313	337
315	3
321	478
4739	3
326	3
956	479
2660	479
335	226
335	480
335	77
335	119
336	3
336	24
340	151
342	151
342	317
342	481
343	47
343	18
344	96
4739	1
344	70
344	60
344	72
353	47
353	482
353	474
354	483
354	386
354	300
354	484
362	155
1792	193
363	2
363	5
363	267
366	485
4739	47
368	5
369	96
369	238
369	23
369	24
370	2
370	195
372	290
372	53
372	303
373	99
374	486
375	180
4434	3
721	193
399	151
399	50
399	290
399	262
401	23
403	130
403	159
403	487
405	284
405	488
405	24
405	296
409	3
409	298
6377	6
413	10
419	302
420	129
424	2
424	5
424	239
3482	37
3482	19
428	334
428	164
428	489
428	371
430	2
430	3
430	34
431	6
431	48
434	18
438	2
440	335
440	336
440	220
4191	88
555	88
441	307
446	2
446	3
450	31
452	64
965	88
2423	479
457	6
457	482
459	14
461	37
461	363
461	52
462	251
462	252
1219	1
2219	193
1850	193
988	88
1493	2
468	234
469	3
478	321
478	48
484	151
1493	3
6012	2
487	233
488	161
488	490
6012	3
3935	193
494	491
501	2
5841	193
6012	5
3964	3
504	33
505	492
507	64
509	350
509	2
509	5
513	366
1905	3
779	7
2573	37
514	493
514	212
517	155
517	227
525	3
525	130
526	2
526	10
526	3
526	15
533	455
533	384
533	456
537	335
537	336
537	494
743	3
538	444
5386	479
4426	193
540	34
540	180
541	5
542	446
542	447
545	31
743	38
3588	479
4323	193
3545	479
3800	193
547	3
547	61
549	33
550	381
338	1
552	2
552	5
553	114
713	2
713	3
559	2
559	495
559	272
173	88
560	126
563	425
398	3
570	37
570	151
570	6
573	151
574	47
575	496
575	47
575	8
576	47
2483	1
4816	353
4504	353
4819	320
4819	321
4819	226
4818	267
6227	71
6227	72
4040	3
5612	2
5612	495
5725	152
5725	33
2817	88
2862	193
1700	130
1700	79
1700	141
5501	479
4940	2
4940	3
2721	31
635	2
5051	36
1781	398
635	3
2690	1
4162	3
3099	258
3099	21
2690	63
5666	1
3430	340
4136	193
5185	2
5185	483
5185	5
5185	386
5185	300
5185	484
6289	193
5710	483
4263	97
4263	47
4263	23
4263	24
4263	180
2029	3
4010	1
1604	114
1604	497
2139	234
2531	3
3983	2
3983	3
4760	3
5151	5
3066	2
1804	301
1832	193
6141	243
6108	243
2601	398
2919	96
2733	2
156	1
3028	479
2733	3
2733	60
2753	96
2753	34
2753	38
3006	193
2780	407
3073	193
4675	193
3500	96
3500	23
2478	479
2878	193
2878	3
2856	3
1730	151
2605	12
2646	14
2591	342
2651	2
2651	3
6378	150
2657	1
1059	28
2667	12
4117	28
2723	3
2723	47
2723	482
2742	1
1979	193
2763	2
2763	3
5149	482
2822	10
3115	88
2640	114
2634	47
1730	19
5164	38
2630	130
2630	47
2630	53
2625	151
2708	28
3387	2
2621	363
2621	261
2620	2
2618	48
2379	88
2541	193
2125	193
3387	1
2613	464
2613	465
2613	498
2108	193
2451	193
2594	10
2594	499
2594	500
2590	130
2590	501
6023	193
5272	28
2589	22
2644	3
2644	482
2648	31
2648	80
2648	225
4969	28
2655	3
2655	159
2658	130
2658	402
2658	413
2674	2
2674	375
2674	21
3178	193
4735	193
2678	115
2678	117
2681	312
2682	5
2683	114
2683	6
2683	80
2685	1
6024	88
6330	374
2698	159
2698	141
2701	10
2701	61
2705	310
2707	234
6330	2
2708	1
2709	502
2709	360
6330	503
2710	96
2710	23
2710	24
2710	38
2711	335
2711	2
2711	336
2711	5
4774	88
2713	3
2713	76
2715	10
2715	61
2716	1
1205	193
5216	37
2718	291
2718	292
2719	3
2719	33
2720	35
2720	2
1206	193
1490	193
1449	193
1538	193
4653	88
2724	2
2724	3
2725	28
2726	114
2726	1
2727	3
2727	76
2731	482
4658	193
2732	2
2736	2
2736	181
2736	5
2736	504
2739	10
2739	61
4471	193
1250	193
1319	193
2741	2
2741	5
2741	505
2741	506
2748	30
2749	202
2524	3
2750	106
2750	2
2750	506
2750	107
2751	33
2752	226
4381	88
4096	193
1442	6
5847	507
2757	1
2759	141
2760	5
2524	5
2764	190
2765	47
2765	180
5027	38
2767	3
2767	1
2768	63
2768	64
2769	137
2769	397
2769	138
5563	479
5736	193
2770	444
5648	1
2772	60
2775	93
2778	2
2785	2
2785	6
2785	5
2786	37
2786	114
6098	88
5691	507
2794	48
2795	36
2795	18
2803	274
2807	508
2808	1
1550	2
2808	482
2809	193
2809	2
2809	271
2811	23
2811	24
2811	165
2811	38
2811	330
2813	98
2813	5
1748	180
2815	156
624	5
6191	479
5646	193
3058	180
2817	2
2817	3
2821	14
2821	290
2823	5
624	47
2824	50
2824	5
2824	99
2825	509
2825	365
2825	488
2828	151
906	479
5423	88
2830	48
2234	510
5018	6
2835	233
2835	364
2835	226
2838	129
2838	511
923	193
5326	193
2840	151
2840	47
5006	510
2840	380
2841	2
2841	3
2841	512
2842	513
2845	300
627	6
352	1
5706	193
2846	514
2847	515
2848	14
2849	114
2850	10
2850	13
2850	11
2850	516
171	1
2851	2
2851	181
2851	5
2851	504
2855	170
2855	375
2857	5
39	63
38	6
2859	223
2861	2
2861	5
37	1
2863	33
2866	18
5319	57
5501	161
5501	2
5501	67
5501	24
1504	2
1504	5
1281	486
5526	110
5507	33
4476	10
37	63
4815	136
4815	71
808	3
3959	106
5468	510
4718	187
4718	517
4888	1
4889	2
4889	3
5441	47
4317	3
4317	1
3023	1
3023	188
3024	96
3024	284
3024	8
3024	24
3024	378
2018	151
5528	207
5528	293
5528	208
1482	315
2107	49
2107	5
2107	290
2107	261
5691	3
5691	6
5691	76
5691	77
5459	1
1098	282
1095	2
1095	5
1095	140
1100	499
1100	500
1102	14
1102	156
347	2
347	3
1103	151
1103	173
1105	393
1106	10
4316	3
1107	364
1112	518
1112	302
5335	47
963	202
5758	156
856	243
345	5
345	38
4466	67
3412	19
6107	162
6107	163
6107	334
6107	164
6107	489
6107	371
1327	48
4724	3
4603	47
4603	519
1232	2
1232	47
1300	520
4724	5
6088	2
6088	3
6088	521
1778	129
1231	267
1376	47
3273	36
5061	156
5288	155
5288	3
5288	69
1295	79
3992	513
4651	3
2931	2
2931	126
2931	127
4058	3
4058	76
2190	3
5936	315
3026	169
3112	169
910	169
412	1
1214	169
1255	2
1255	5
1255	281
5616	522
3994	64
4536	235
4536	14
4536	33
4536	80
4536	290
5159	2
5159	141
4549	6
4549	47
4549	139
1667	79
5944	52
1165	98
1165	5
1158	151
4143	19
4842	377
3243	399
3290	13
928	155
928	3
6129	1
928	60
928	523
1683	98
4136	2
4136	10
4136	293
6289	2
6289	10
56	141
56	318
3767	6
3303	130
3303	79
3303	278
904	5
3297	47
5397	3
3291	6
3291	80
118	114
120	3
122	6
122	47
123	6
123	47
123	80
2525	33
2525	5
820	148
4445	414
4445	382
4445	240
5397	5
1171	1
5702	2
4677	100
4677	197
4677	369
1982	524
4223	1
32	159
32	99
32	174
36	233
105	2
105	197
105	5
6028	1
105	198
105	199
106	444
108	215
93	2
90	2
90	10
90	61
5821	151
88	47
4854	190
84	6
83	525
81	63
81	224
80	488
79	33
76	1
74	233
74	364
74	226
67	76
66	12
66	71
65	526
65	374
58	6
4211	196
1428	180
1428	38
1428	289
5699	2
5699	61
3697	527
6029	2
1522	448
1522	79
411	190
2492	528
1649	464
1649	465
1649	498
1685	14
1161	495
1685	529
1685	357
4736	129
4736	47
2439	2
2439	5
2439	346
3031	47
3031	8
3928	441
3928	3
1576	47
6029	3
2450	155
2450	3
2450	60
2450	406
2061	155
2061	60
51	495
5929	1
1807	530
1807	2
1807	3
1807	79
1807	23
1807	423
1807	379
1829	96
1829	24
5761	2
5761	218
3510	531
1839	113
1839	357
5929	19
5089	155
5089	60
1840	96
1840	3
1840	47
1840	23
1840	165
1840	38
1805	37
1805	151
1805	2
1805	47
3182	129
1597	151
1597	264
1597	237
1795	34
1795	24
1795	278
1658	3
3182	3
1652	130
1652	53
1651	6
1642	532
1642	2
1642	3
1641	10
1617	48
1617	52
1616	1
1616	78
1612	10
1612	206
1612	13
1612	239
1608	354
1608	290
1605	98
1603	2
1603	5
1603	506
3027	105
1599	155
1599	2
1599	3
1590	428
1589	6
1588	3
1588	533
1668	2
1668	10
1668	61
1671	49
1671	99
3182	38
5081	528
1672	2
1672	10
1672	61
1682	14
1684	374
1188	534
1684	163
1684	218
1684	166
1684	371
1686	162
1686	411
1688	1
1688	6
1688	64
1690	20
1693	5
1698	271
1698	382
1698	239
1698	240
1699	2
1702	34
1702	24
1702	38
1704	2
1704	10
4269	528
1705	2
1707	497
1712	2
1712	3
969	534
1713	3
1715	48
1718	129
1718	5
5433	171
1723	28
1726	1
2089	6
1728	337
1732	2
1732	3
1732	25
1732	5
1744	19
2089	19
1749	6
1749	535
1749	518
1753	2
1753	3
2474	375
1756	2
1756	1
1756	110
1760	10
1760	13
1761	536
1773	385
1774	381
1787	197
1787	467
1788	162
1788	316
1789	197
1789	3
1790	2
1791	2
1791	3
1793	155
1793	471
1793	10
1793	239
1793	314
1797	162
1797	2
1797	396
1799	47
1799	34
1799	24
1799	38
1799	537
1800	37
1800	151
1802	114
1802	6
1802	47
1802	23
1802	226
1802	231
1802	264
1808	2
1808	61
1810	3
1810	130
1824	2
1824	3
1004	2
1825	226
1826	14
1828	47
1004	3
1830	47
1830	519
1831	471
1831	10
1831	538
1831	239
1831	314
1832	539
1834	96
1834	270
1834	34
1834	23
1834	24
1834	38
1835	18
1842	540
1844	541
1873	47
2237	79
5101	76
5109	37
5107	385
2004	1
5106	274
5106	542
5106	394
5099	2
5099	3
5099	5
5093	361
5088	478
4780	1
5086	165
2936	33
2935	35
2935	2
4582	2
4582	14
4582	5
1901	271
1901	382
1901	239
1901	240
4683	303
4691	22
4694	1
4695	70
4695	72
4554	6
439	3
4872	249
4872	21
5354	2
5354	1
5354	249
5354	21
5354	77
4871	31
3191	79
3190	47
4999	48
373	6
1279	515
1279	69
1136	2
1136	3
1136	163
1024	2
2915	320
2915	114
2915	146
2915	226
4296	6
2559	3
4347	2
772	2
772	375
5968	165
3147	402
3147	413
5411	2
5411	483
5411	5
5411	386
5411	300
5411	484
2561	2
2561	5
4347	3
2561	502
4636	14
4636	529
4636	357
5240	130
5240	501
5024	2
5242	31
5242	543
3395	2
3395	483
3395	386
3395	300
3395	484
5024	3
6125	48
5556	48
5874	31
5024	1
2037	234
2286	118
2286	261
3168	6
3168	77
3167	544
3167	2
3167	138
3167	54
3167	117
3166	33
3164	10
3164	13
3164	311
3163	5
3161	1
3161	25
3161	290
4841	1
3160	545
3156	8
3156	226
3155	2
3155	197
3155	5
3155	412
3155	244
3943	49
3943	52
3943	134
3943	216
3391	169
3022	221
3022	85
4858	14
2796	57
2796	58
2796	124
4799	151
6372	5
6274	6
3044	24
3044	378
3042	156
3042	227
3333	3
3037	2
3037	3
3033	114
3033	181
3033	67
3033	199
3030	64
4039	3
3028	162
3028	411
3021	515
407	2
3018	1
3016	499
3016	500
3015	2
3015	5
3013	96
3013	34
3013	38
1398	90
407	3
3008	6
3008	31
3007	18
3005	8
3077	507
3004	47
2999	197
2999	198
2999	244
811	2
2998	63
2997	2
2997	3
2996	195
2993	202
2990	67
2990	24
2988	47
2987	2
2987	181
2987	5
2983	2
2981	33
3329	37
2980	303
2979	10
3329	19
2978	180
2976	28
3009	1
2974	2
2974	10
2974	13
2973	226
2973	482
2973	543
2972	190
2972	6
2971	37
2971	47
2970	1
2967	2
2967	5
2967	267
2966	438
2963	10
2963	546
2067	6
2960	355
2955	547
2954	33
2949	63
5368	2
2949	98
1082	548
2947	2
2947	5
2946	366
2946	435
2944	1
2941	2
2937	22
5368	3
2933	49
2933	130
2933	79
2932	47
2927	1
2926	364
2925	114
2925	6
2925	80
2921	2
2921	5
4037	3
2916	2
2912	305
2911	5
2911	401
2023	1
2908	6
2904	10
2902	303
2901	114
2901	48
2895	18
2894	2
2891	3
2890	2
2890	3
2890	5
2889	1
5617	3
2888	48
2886	3
2886	549
2884	3
2884	99
3056	3
3057	2
3059	5
3060	150
3060	550
3062	5
3064	240
3065	161
3065	526
3065	374
3070	336
3072	217
1854	1
3073	2
3080	356
3080	551
3081	2
3089	2
3089	226
4109	2
5006	155
4109	10
4109	3
3093	25
3093	184
3094	6
3095	18
4804	324
1367	324
4887	10
4887	61
5830	3
5830	1
4973	155
6172	1
4973	76
4973	30
6308	24
6308	38
3194	37
3194	226
3193	171
5430	60
5468	155
5902	324
3311	8
5516	2
5516	3
3196	451
2193	2
2193	180
2098	162
2098	2
3124	162
3124	326
4545	2
4545	3
4545	130
1526	436
1526	218
2415	1
2415	14
4675	552
1885	93
1399	449
1399	30
4719	162
4719	370
5678	3
1084	279
1084	280
1053	2
1601	99
5678	1
1207	6
4879	47
4879	8
2311	97
2311	129
871	33
871	110
4947	10
3119	10
3119	392
1516	335
5583	23
5583	24
5678	47
5727	22
4312	12
5678	23
825	12
2938	3
4891	49
4891	423
4891	379
4891	380
4891	381
4891	30
5921	3
3102	141
3102	364
1914	2
5678	24
2478	161
2478	162
2478	2
5602	2
5602	5
4240	96
4240	270
4240	67
4240	23
4240	24
4240	38
4275	96
4275	47
4275	23
4387	513
516	2
5614	14
3841	63
3841	226
3841	224
3979	22
2385	48
3376	2
3376	3
6221	151
1460	47
1460	278
5113	335
5113	336
5113	220
1747	2
4956	2
4956	5
4948	2
4948	553
5186	6
5186	47
5163	96
5163	270
5163	554
5163	23
5163	24
5163	378
5163	38
2204	478
5565	6
5565	261
6112	5
2476	426
2282	426
2339	295
2339	129
2339	286
3729	1
3729	63
3346	98
6044	307
3729	5
1023	2
1023	10
1023	3
5376	1
5429	555
5429	502
6069	1
1019	2
1019	3
5985	2
5985	5
5986	47
4087	5
5032	47
1220	2
1220	5
1220	346
1385	79
3184	3
5222	152
5222	14
5221	34
5221	18
5221	556
5220	37
3604	557
5220	151
5219	151
5219	290
5219	30
5219	424
5217	6
5217	47
5217	389
5215	37
5215	151
5215	48
5215	212
5211	346
5207	2
5207	3
2168	557
5205	126
5204	33
5203	148
5203	149
5203	268
5202	10
5202	7
5200	28
4045	14
4045	80
4045	78
2490	2
2490	3
2490	512
5398	557
2497	308
2497	130
2497	5
3208	169
3207	2
3206	10
3206	7
2950	1
3206	15
3206	13
3206	11
3206	516
3201	152
3201	399
3197	151
3197	47
1201	5
869	497
3918	444
4054	414
4054	271
4054	382
4054	239
4054	240
3597	18
3363	546
1371	1
1961	204
1946	130
1934	47
1933	2
1933	5
1933	140
1932	233
1932	364
1932	226
1930	1
1927	246
1927	264
3875	1
1925	151
1918	2
1918	34
1918	23
1918	24
1918	38
4513	231
1916	2
1916	3
1912	3
1911	452
5988	6
1908	6
3715	558
1473	513
1907	505
1907	506
1906	3
1904	2
1903	3
1903	80
3087	5
1896	2
1896	5
1896	385
1891	2
1888	2
1888	21
1886	151
1886	6
1886	518
1953	10
1953	61
5399	557
5601	197
1955	2
1956	2
1956	1
1956	5
1956	20
1956	21
1957	2
2610	30
1960	6
1963	446
1963	447
1965	460
2562	559
1973	151
1973	50
1973	130
1973	5
1973	424
1079	321
1979	117
1981	118
1992	310
1996	6
1997	226
5831	6
1999	3
2001	161
2006	355
6184	1
2191	3
3135	503
1570	2
2031	207
2031	208
3498	431
3498	261
2183	10
2182	560
3419	346
6315	155
6315	60
1570	3
5871	1
5871	78
3952	12
2258	3
2258	1
2258	46
5445	3
5835	124
4597	354
4597	6
2117	3
2117	46
3369	197
3369	429
1182	90
3949	161
3949	162
3949	67
3949	164
3949	165
1340	2
2565	2
1115	151
2565	167
2565	5
4925	177
4598	268
4639	554
4639	180
947	33
2099	151
2553	463
6137	2
4208	33
1132	50
1132	79
1132	53
1132	456
2186	2
2186	550
2485	291
2485	292
2487	47
2488	130
2488	5
2488	47
2488	180
3186	2
3214	6
3332	2
3332	5
3222	2
3222	553
5970	561
3104	2
3104	181
3104	10
3104	5
3104	562
4518	181
4518	10
4518	562
3336	203
2774	6
3460	2
3460	3
3472	563
2774	79
4579	343
3285	79
3284	98
3283	453
3282	564
3278	533
3277	50
3277	1
4865	1
3277	141
3277	99
3276	22
3276	61
3270	18
3269	47
3267	2
3267	5
3257	36
3257	23
3257	18
3255	118
3249	126
3248	2
3248	10
3248	124
3245	5
3245	47
3245	482
3245	19
3234	6
3231	99
3221	155
3221	2
3221	3
3221	314
3219	2
3219	3
3210	2
3209	63
3188	80
3187	115
3187	138
3181	432
3181	159
5435	3
3180	50
3175	18
3171	10
3171	87
3169	2
3169	401
3176	36
3154	3
3154	1
3153	37
3152	47
3152	381
3150	2
3148	27
3145	34
3144	2
3144	10
3144	546
3142	2
3140	508
3139	1
3133	197
3133	467
3130	50
3130	432
3130	5
3130	290
3123	448
3123	79
3118	463
3116	180
3115	114
3115	67
3115	89
3115	80
3115	30
3111	326
3110	6
3110	535
3110	518
3109	2
3109	58
3109	5
3108	10
3108	7
5075	5
3108	15
3106	169
3101	14
3326	37
3326	151
3327	13
3327	400
3334	2
3334	3
3340	306
3349	2
3349	471
3349	10
3349	239
1215	5
3352	3
3354	2
3356	2
3358	354
3358	290
3359	5
3360	3
3360	290
3360	565
3368	10
3371	159
3371	566
3373	2
3373	137
3373	3
3380	67
3380	327
3381	8
3381	228
3386	2
3386	3
3386	47
3392	366
3392	180
3947	2
3947	1
365	151
3401	2
3402	564
365	1
3407	156
3408	416
3408	506
3408	417
3408	418
3414	305
3415	162
3415	2
3415	3
3415	163
3415	489
3415	371
3417	3
3417	18
3417	567
3418	221
3418	40
3418	24
3428	28
3429	568
2246	129
3438	98
3439	161
3439	526
3441	28
3445	146
3445	226
3450	33
3453	130
3453	569
2246	38
3463	162
3466	524
3467	464
3467	465
3467	498
3469	368
2473	1
3469	2
3477	3
3479	18
3480	18
3483	36
3491	130
5816	408
5816	570
3158	1
4133	37
4133	151
4133	79
4911	315
1338	315
1338	234
4803	31
4803	47
4042	2
4042	3
5832	571
6211	37
6211	18
6211	154
4984	13
4975	34
4975	482
3813	1
4974	428
2428	10
2428	13
2433	1
2437	98
2441	291
2441	292
2441	10
4712	48
1414	14
2377	3
2358	3
2358	76
2358	533
2352	2
2352	10
2352	3
2352	76
5979	260
5979	247
5575	80
5331	3
4154	5
4830	530
5348	1
5318	572
1897	2
1897	3
2611	1
4465	7
2706	37
5934	1
5992	1
5199	37
5199	1
5199	6
2787	1
2787	6
2787	19
5045	19
1620	3
1620	1
1967	3
1967	1
2356	1
3780	1
4552	37
4552	19
901	2
901	3
2398	1
5198	96
5198	1
5198	6
5198	23
5198	24
5194	18
4758	1
5193	546
5192	37
5192	2
5192	34
5191	130
5191	141
5191	290
5191	573
5189	47
5188	96
5188	270
5188	151
5188	159
5188	5
5188	47
5188	23
5188	24
5187	2
5187	1
952	156
951	2
5865	2
5865	574
5978	3
4758	63
5978	130
5866	12
2687	211
2401	197
2401	198
4516	33
1365	48
1365	513
183	2
183	5
4098	22
4098	61
4246	22
5020	109
5020	64
1182	244
6310	47
1030	22
1218	197
1218	198
1218	244
4580	2
2104	197
2104	429
2104	198
2371	239
4580	3
2470	2
2470	3
2470	147
4843	150
4843	240
4624	300
4624	117
4413	2
4413	3
4823	471
2518	48
4219	37
2508	47
2512	23
2512	24
2514	37
2514	3
2514	130
2514	290
2515	47
2516	145
2458	3
3330	3
380	197
2522	1
2522	14
4838	3
2523	2
2523	5
46	3
2526	446
2526	447
2529	23
2529	24
2529	38
2529	330
2530	98
2530	5
4457	3
1515	284
3675	3
3672	3
4359	3
4862	98
4862	5
4778	106
4836	3
4778	107
4778	575
292	3
4546	167
1179	124
4836	6
1272	564
4416	155
4605	191
4828	96
4828	3
4828	23
4828	24
300	1
813	36
1620	297
1811	3
4727	3
1384	14
5547	163
5547	469
5547	371
2335	47
5269	2
828	241
828	2
3877	37
1556	99
6038	3
5462	25
5153	137
5153	397
5153	138
4847	2
4847	3
5467	106
5467	107
1542	155
4994	3
4994	180
5868	47
3877	3
4989	37
4989	151
4989	212
4988	446
4988	447
4985	373
4985	267
4953	22
1537	22
1537	61
5823	47
5524	3
3470	2
3470	5
790	24
790	19
3877	19
4295	96
4295	23
4295	38
2264	2
2222	130
2222	79
6047	576
3702	98
3702	5
4424	171
360	6
1362	2
1362	3
1362	126
1362	370
1362	565
789	18
1430	2
1430	577
5844	1
1115	2
1115	3
1115	578
4113	3
4113	533
4509	197
4509	467
857	352
857	570
2140	579
1766	404
1687	425
4775	2
4775	3
253	47
881	197
881	429
3993	1
4061	2
4061	10
253	24
4061	5
1288	18
6369	130
6369	99
1369	2
1369	3
253	580
4385	581
4385	67
4385	103
2103	2
2103	3
2103	549
5310	2
5310	1
5860	525
2039	48
2106	443
2112	197
2112	429
2112	464
2112	465
2174	2
5847	3
2221	2
2221	1
2459	130
2461	48
5847	1
2461	233
2461	364
2124	106
2124	2
2124	167
2124	5
2124	107
2406	2
2406	3
5000	3
2328	320
2328	321
2328	2
2328	322
2328	324
2340	48
2340	47
2504	47
5000	1
2572	47
2271	5
2262	102
2260	114
2259	2
2259	5
2257	2
2257	495
2257	272
2254	2
2254	3
2253	145
2249	1
2244	305
2240	303
2235	540
2234	2
2234	3
2233	3
2233	1
2232	5
2231	63
2231	224
2228	469
2228	218
2223	5
2213	2
2213	137
2213	3
2213	138
2213	54
2213	275
2213	347
2210	79
2206	30
2206	195
2197	47
2195	98
2194	241
2192	50
2192	582
2192	5
2176	2
2176	3
2173	79
2172	543
2165	274
2165	542
2165	394
2163	2
2163	315
2162	385
2156	2
2156	3
2153	170
2151	6
5489	6
2148	1
2146	35
2145	545
5338	2
2136	151
2136	130
2136	5
2136	487
2132	253
3670	155
3670	60
2125	83
2125	138
2123	61
2119	1
2119	110
6101	155
2118	23
2118	24
2118	132
2118	123
2111	3
2111	22
2110	261
2110	583
2105	162
2102	2
2102	584
2099	2
2099	3
2099	578
2096	6
2096	47
5245	252
2092	156
2091	428
2087	114
2087	67
1882	61
2080	171
2080	78
2079	98
2078	106
2078	2
2078	5
2078	107
2078	575
2076	1
2076	33
2075	1
2073	430
2072	162
2071	1
2343	161
2066	48
2066	233
2065	6
2065	47
2063	6
2063	79
2063	47
2063	80
2059	3
2059	5
2059	502
2059	119
2058	44
2049	2
2049	3
2049	98
166	538
2045	241
1804	355
2041	10
2040	18
2032	536
2030	1
4947	61
2017	540
2016	2
2016	5
2015	2
2015	145
2015	3
2013	6
2013	48
2279	350
2279	506
5289	61
2280	95
2281	307
2287	2
2290	382
5940	94
2290	240
2308	335
2308	2
2308	336
2308	220
2308	5
2310	1
2312	399
2313	22
2315	226
2319	6
2319	280
2321	47
2321	24
2322	88
2322	499
1793	538
2326	33
2326	110
2334	204
2334	12
2336	310
2337	3
2337	214
2337	420
2338	5
2338	24
2338	278
2342	156
2345	47
2357	585
2357	394
5338	19
2360	554
2361	7
2361	15
2366	153
2370	10
2370	13
2370	293
2370	208
2373	2
2373	5
2375	291
2375	292
2376	156
2380	3
2381	14
2382	1
2382	410
2383	2
2383	10
2383	61
1885	586
2383	587
2386	48
2392	1
2392	14
2394	14
2394	80
2395	430
3973	5
2402	540
2402	290
2411	10
2411	13
2411	11
2411	516
5337	3
2412	251
2412	2
2412	5
2412	240
2412	252
2412	210
2412	450
2413	153
2417	69
2419	3
2419	180
2421	151
2421	47
2425	2
2425	159
2425	5
2425	30
2425	297
5647	5
2451	151
2451	2
2451	3
2451	317
2451	481
2451	588
2453	28
998	3
2457	3
2457	1
2467	226
2468	76
2468	60
2469	162
2469	490
2471	25
998	1
2471	26
2479	96
2479	18
2502	2
2502	3
2506	28
4853	6
4404	1
2507	561
2535	116
2536	1
2537	2
2540	5
2542	60
4245	514
2543	2
2543	181
2543	10
2543	7
2547	14
2549	1
4404	63
4530	37
2554	453
2555	6
2555	223
2555	31
2555	80
2557	47
4530	6
2566	140
2566	310
2567	2
2568	438
2569	579
921	93
921	586
2570	36
2570	175
2570	18
2571	181
2571	10
4769	6
2575	233
6191	241
6110	2
2586	130
696	2
4125	509
4125	365
4125	488
1167	18
696	3
4462	2
4462	1
4825	472
4825	10
4558	2
4558	5
4958	109
725	37
5114	2
5114	346
5014	509
5014	365
5014	488
4897	129
747	2
4897	2
4897	6
5751	2
5751	375
5006	2
5006	3
5006	523
747	3
6023	2
5029	17
5029	88
5029	2
5630	1
5630	78
719	2
2022	6
5265	96
5265	5
5265	23
5265	24
5265	165
5903	355
5285	129
5285	47
5285	23
5285	24
5285	261
5285	474
4922	25
4952	18
5143	521
912	355
5257	2
5257	5
5257	140
5253	6
5434	2
5434	10
5434	5
5434	546
4931	6
4931	79
4931	233
2026	3
5385	195
5908	2
5908	3
1217	2
1217	3
1217	1
4129	3
5243	148
5252	156
5254	25
5254	110
5256	171
5258	2
5258	5
657	24
5271	5
5271	366
5273	28
5274	10
5274	61
657	38
5275	6
5282	589
5282	590
664	5
5283	3
5283	47
5283	38
5284	141
664	38
5287	155
5287	591
5289	2
5289	181
5289	10
5290	10
5296	47
5297	37
5302	99
5303	18
5303	556
4244	2
4244	449
4244	579
5230	130
754	37
5183	69
754	19
5181	150
5176	34
5176	278
5175	335
5175	2
5175	336
5175	5
658	1
5172	38
5167	37
5167	47
5165	2
5165	5
5165	54
5165	117
5157	3
5157	130
659	1
5156	130
5156	5
5156	19
5155	48
5155	233
5155	364
659	47
5152	2
5150	2
5150	6
5150	409
659	19
662	37
5148	3
5148	235
5147	155
5147	60
662	19
5138	2
5138	5
5137	579
714	2
5134	50
5134	3
5134	290
714	3
692	151
692	1
693	572
697	19
5125	96
5125	24
5125	230
5125	296
5124	291
5124	292
5124	2
5124	3
5123	31
703	79
5123	19
5122	95
5122	592
5119	10
5119	3
5119	5
5117	488
5116	7
5116	61
5116	15
703	5
5111	6
5083	3
5083	462
5082	18
5079	2
703	38
5078	2
5078	10
5077	171
5074	181
5074	137
5074	504
5072	151
5072	47
5072	593
5069	171
5068	37
5067	10
5067	594
5065	47
5064	145
501	1
5058	284
5058	24
5055	3
723	3
5052	96
5052	2
5052	3
5052	34
5052	23
5052	24
5052	165
5052	38
5050	146
5050	595
5049	226
5049	473
5048	155
750	3
5048	2
5044	3
5044	533
5043	221
5043	537
615	2
5038	471
5038	10
5038	538
5038	3
5038	239
5038	314
615	10
5016	3
5015	431
5015	6
5013	1
5012	2
5012	181
5011	2
5010	1
5010	171
618	5
5004	23
5004	522
4998	2
4998	10
4998	61
4995	350
4995	506
4982	180
4968	48
4966	2
4966	24
4965	30
4963	13
4963	400
666	37
4960	2
4960	596
4951	47
666	151
4946	2
4946	385
666	3
4941	151
4941	80
4941	424
4938	540
4936	202
4935	48
4934	47
666	6
4927	540
4921	2
4921	5
4913	2
4913	3
4912	191
4912	64
4908	3
4907	2
4907	10
4906	597
4905	180
4899	204
4894	3
4894	98
4893	146
4893	595
619	2
4583	2
4452	47
4452	165
4452	62
619	3
5947	99
4666	146
4666	595
3931	5
642	1
5955	1
5955	5
608	6
793	162
793	67
4612	2
4612	290
4668	22
4488	1
4488	64
4467	2
4467	137
4467	397
4467	138
4615	2
4615	5
687	5
4515	3
4515	23
4515	24
4500	5
3839	137
3839	397
3839	138
6358	137
6358	397
6358	138
648	1
4411	233
1080	1
3836	63
3836	98
3836	5
5494	47
5494	24
6378	271
6378	382
6378	239
3963	1
1565	151
632	5
1917	22
4365	471
4365	10
4365	538
4365	239
4365	314
3464	26
1923	221
1923	350
1923	554
1923	180
1923	385
1923	85
1923	506
18	41
5990	561
5990	48
3763	3
3763	159
512	430
1353	430
3641	430
124	1
1776	2
3508	2
6138	2
3178	350
3178	2
3178	385
3178	506
4104	274
4104	542
4104	394
6320	109
6320	64
1355	41
4483	41
4483	598
5394	41
2650	26
1731	61
588	2
4008	138
588	5
1306	47
1189	96
1189	238
1189	23
1189	24
5464	2
5464	495
5464	272
2730	241
1673	5
623	2
787	2
787	98
787	5
3002	5
3002	34
3783	96
3783	47
3783	24
2202	245
2202	151
2202	2
2202	3
2202	23
2202	24
2202	38
3385	328
3385	599
1173	6
623	3
1173	23
1173	165
4357	2
4357	115
4357	3
4357	521
4735	2
4735	5
626	3
2737	414
2737	2
2737	382
2737	3
2737	240
3027	104
3027	2
3027	81
3027	5
3027	345
4528	151
4528	2
4528	3
4528	317
4528	481
4528	588
3125	242
628	1
1980	2
1980	10
1980	3
1980	67
1980	87
3651	1
3651	255
3651	116
2355	239
395	353
2677	2
2677	1
2677	23
2677	24
2677	38
1047	3
3586	25
2945	414
2945	382
2945	240
1503	2
1503	3
1503	47
5250	48
5140	10
5140	124
2142	2
2142	9
2141	28
629	6
1746	33
75	346
639	2
639	3
639	5
640	3
643	5
645	7
590	1
590	31
646	2
653	6
654	19
492	368
6322	93
6322	54
593	5
6322	117
1836	3
1836	591
3942	25
594	1
5131	3
1471	2
1471	3
85	5
1099	1
1099	59
1099	18
3929	52
3929	80
3929	261
4753	67
4753	163
4753	600
4158	204
5091	2
5091	114
6189	3
757	37
3608	1
4510	264
2907	152
1062	47
5726	67
5726	24
5726	165
5829	14
665	1
2060	2
2060	375
2060	21
379	1
3808	5
5059	2
5059	5
5489	190
4564	320
4564	321
4564	48
1639	269
2184	197
2184	198
671	2
671	10
3731	3
3731	290
3731	482
3734	171
3735	151
3735	317
3735	481
672	6
679	6
3736	310
3738	10
3198	3
2670	221
3082	2
3082	3
2354	414
2354	2
2354	271
2354	382
2354	5
2354	239
2354	240
4475	22
1487	106
1487	299
1487	107
1488	10
1488	13
1488	311
688	37
6140	221
3823	114
3823	181
3823	199
4617	601
4617	78
688	151
5855	91
5638	449
4796	150
4796	240
4795	181
4795	10
688	19
4207	574
5906	28
3566	197
3566	198
690	129
4591	197
4591	198
4591	244
5930	515
1464	436
1464	218
1464	394
5920	129
5917	176
5917	117
690	38
4250	241
5913	114
5913	10
5912	151
5912	6
5912	518
5911	162
5911	490
5911	2
5910	503
465	22
5959	308
5959	130
706	1
5958	579
3361	25
3361	156
4493	2
4493	33
4493	494
4493	602
980	226
1111	449
1111	276
5957	399
5954	14
5953	33
5952	47
5537	2
2225	93
2225	222
5536	2
5536	47
707	2
5949	2
5945	79
5945	77
5505	47
707	3
5081	2
5081	3
5977	215
5977	63
5966	63
5964	5
6000	3
6000	290
5998	156
5996	512
5995	151
5995	130
5995	5
5994	356
5994	551
5993	399
711	2
5991	2
5991	5
5987	10
5987	61
5981	6
5980	2
5980	3
5980	512
6022	10
6022	13
6022	11
6022	516
711	3
6021	2
6021	3
6019	37
6019	36
6019	175
6019	5
6018	104
6018	105
6018	81
6016	3
6016	290
6016	262
6016	263
6013	28
6007	274
4047	472
4047	10
6036	2
6036	3
6036	266
6036	267
6035	2
6035	5
6035	444
2378	2
2378	3
2378	163
716	2
6032	33
6030	1
6030	14
6026	129
6026	18
716	3
3884	180
5943	2
5943	182
5943	183
717	2
5941	106
5941	575
5940	95
5940	592
2892	2
2892	220
4537	6
4535	1
717	3
4534	310
1066	2
4642	603
4643	603
4644	14
4645	14
4647	75
718	3
4648	31
4648	427
3667	40
3667	18
3667	30
3666	18
724	6
726	1
1114	2
1114	3
1064	28
4722	130
4723	2
4730	1
4733	2
4733	3
4741	28
4832	2
4832	5
1497	114
1498	47
1499	81
1499	82
1910	3
734	1
1505	2
1505	3
5939	151
5939	173
5939	174
1507	130
1507	141
1507	261
1508	444
1509	64
736	2
2544	106
2544	83
2544	2
2544	299
2544	5
2544	107
736	3
1511	455
1511	384
1511	456
1512	239
1517	98
1517	274
1517	6
1518	2
1518	182
1520	579
1523	350
1524	151
1527	544
1527	138
1527	54
744	19
1528	5
1528	165
1530	1
1530	33
1531	28
4440	350
745	2
4438	2
766	385
1020	37
745	3
1020	123
1229	6
785	2
1230	155
1230	3
749	6
1237	2
2595	96
2595	2
2595	3
2595	38
6237	269
4821	99
4824	10
891	1
4829	226
4845	114
4845	10
4845	61
4848	354
4848	49
4848	6
4848	79
4848	233
4849	1
4849	410
4849	110
4855	48
4855	342
1822	2
891	38
1846	2
4479	455
4479	384
4479	456
4478	2
4474	34
4474	482
4767	47
4768	251
4768	252
4770	47
4770	18
4773	432
4773	141
4773	384
4774	30
4543	25
4547	36
4547	18
4755	48
4759	98
4759	585
3504	14
4435	453
4433	114
4429	1
2030	33
4429	156
5407	2
2367	3
4428	321
4428	48
4422	497
4524	60
4520	167
4517	530
2128	2
1168	106
1168	167
1168	107
1175	76
1176	130
1176	569
2128	3
1183	47
1186	579
1188	2
1188	5
1262	382
1262	240
1263	14
1263	604
1267	414
1267	382
1267	240
1273	455
1273	384
1273	456
1856	1
4702	197
4702	198
4702	199
4708	28
4710	50
4710	491
4415	3
3239	6
4714	307
4717	14
1119	2
1119	5
1120	325
3451	7
1121	2
1121	5
1122	2
5705	605
3412	605
1124	364
5585	7
1125	2
1125	181
1125	10
1125	3
1125	61
1128	129
1128	47
4671	226
1152	464
1152	465
1154	337
1154	333
1154	162
1154	2
1154	67
1154	164
1154	606
1127	388
3331	24
1154	433
1155	126
1163	589
1164	130
1164	141
1286	2
1033	241
1216	350
1216	2
1216	385
1216	312
1221	31
1221	438
1225	6
1225	48
1225	607
1226	430
1227	565
4173	2
4551	423
4551	608
3642	2
3642	181
3642	10
3642	562
1198	2
1198	10
1198	3
1198	5
1198	13
1198	11
1199	28
1203	547
1204	264
1205	2
1205	609
1205	5
1205	539
1206	552
4262	3
1210	2
1211	25
1211	110
4797	1
4797	78
1452	3
1456	251
1456	2
1456	5
1456	240
1456	252
1456	210
1456	450
1459	2
1459	115
1459	1
1461	2
1465	130
1466	2
1466	5
1466	20
1466	21
1468	70
1468	72
1473	6
1473	80
1476	561
1476	226
2442	10
1477	1
1478	2
1478	10
1478	316
1479	2
2442	1
1485	102
1485	2
5246	2
1491	151
1491	2
1491	5
5246	3
1492	3
1495	151
1495	432
1495	159
1495	141
3271	37
1426	2
1426	485
1433	14
1435	2
1435	3
112	2
1438	10
1438	13
1438	11
1438	516
112	3
1447	432
1447	141
1447	384
1449	230
4508	83
4508	2
4508	5
4508	185
4588	461
4589	2
4676	10
4676	13
114	3
4679	10
4414	167
4412	320
4412	321
4412	31
4412	8
4412	226
4402	47
111	2
4622	241
4622	2
4622	5
4623	441
4623	3
4633	153
111	3
4635	151
4640	10
4640	13
4640	11
4640	516
1068	58
1071	1
1071	48
1071	5
332	5
1071	323
4745	96
4745	160
4745	47
4745	23
4745	24
4752	364
4752	261
1050	25
4556	2
4556	7
4559	129
4559	2
4559	47
4559	261
4567	547
4568	307
332	19
4568	394
4570	5
4570	290
1533	610
1533	61
4738	3
1536	93
1540	99
1548	25
1551	1
1554	49
1554	3
1554	52
1560	130
1560	141
1572	83
1572	162
1573	155
1573	60
1574	18
4653	395
4656	180
4657	31
4657	64
4662	14
4408	1
4662	304
4664	162
4664	411
4121	202
4121	429
4121	464
4497	3
4497	533
4495	10
4495	13
4490	2
4490	3
4490	126
1130	3
1130	407
1131	151
1139	171
1141	145
1141	30
1145	256
1145	545
1150	180
1150	85
1150	77
4473	540
4471	54
4471	372
4469	233
4469	364
4469	226
4468	129
4468	3
4592	54
4593	61
4593	587
4594	2
1521	151
5588	37
3908	104
3908	105
3908	81
4604	215
5588	151
4449	150
4449	240
4448	226
4446	8
4446	23
4446	38
4443	2
4442	10
4442	392
4607	33
4608	47
89	6
2307	1
1696	2
1696	100
1696	3
1696	101
4610	48
4613	381
4616	364
4621	373
4621	266
4804	2
4806	3
4810	3
4870	512
1648	1
1245	295
1245	129
1245	164
1245	286
1245	273
1246	435
1248	223
1248	459
1250	2
1250	3
1256	151
1258	14
5026	1
1260	6
1260	79
1260	226
1260	482
1260	514
4856	436
4856	218
4863	36
4863	18
4461	6
4456	203
4782	167
4784	10
4784	13
4792	106
4792	167
4792	107
4793	451
4571	6
4572	2
4572	1
4574	153
4576	221
4576	284
4576	24
4576	537
4577	2
4577	140
4577	310
5473	36
5473	18
852	197
852	198
104	233
1368	350
1368	2
1368	5
1373	10
1373	13
1382	165
1314	151
1318	497
1319	499
1324	482
1324	543
1296	274
1296	394
1298	2
1298	5
1302	3
1303	129
1303	511
1309	596
1310	291
1310	292
1310	10
1312	14
4788	2
4788	3
4788	38
957	2
1645	14
1645	343
3718	3
180	37
4105	70
4106	14
4106	25
4106	110
4107	18
4107	358
180	3
4114	14
4120	611
4120	321
4120	48
4120	213
4124	50
4124	214
4124	262
3596	37
3594	2
4126	295
4131	25
4807	47
3593	3
4198	1
4201	98
4209	1
3593	1
4217	414
4217	382
4217	240
4218	37
4220	48
4282	263
3593	63
4292	126
4293	33
4294	1
3593	6
3593	47
4294	366
4297	8
4134	61
4135	10
4135	13
4135	311
243	612
4137	126
3593	19
3500	47
4139	35
4140	560
4142	99
4142	297
1983	612
4189	612
4151	47
4152	6
4313	290
3500	24
1359	612
4318	93
4318	241
4325	30
4328	6
4328	226
4328	482
4332	428
4333	10
4333	13
4333	311
6285	171
3500	38
6286	251
6286	252
6290	540
3990	612
6292	2
6292	5
6292	346
6293	2
6293	20
3501	30
6298	10
6298	7
4257	2
4257	10
4257	613
3778	19
4701	3
4269	3
4270	235
4272	6
4272	280
4175	79
4175	99
4701	1
4182	2
4182	584
4187	155
4701	6
4189	10
4232	543
4699	1
4234	96
4234	23
4234	24
4234	228
4236	161
4239	614
4239	2
4239	220
4239	10
4241	2
4241	508
4242	310
4245	98
4245	307
4245	6
4383	2
4383	5
4383	416
4383	418
4373	102
4377	2
4381	168
6360	508
3618	3
6364	234
4192	271
4192	382
4192	239
4192	240
4193	10
4194	346
4077	14
4077	255
4078	1
4079	238
4092	3
4094	232
4096	2
2306	1
4099	2
4099	10
4099	3
4099	469
4099	13
4099	30
4103	96
4103	63
4103	34
4103	24
1386	302
1391	428
1392	141
1393	506
1396	362
1397	2
1404	364
1404	445
1409	79
1409	363
1409	5
1409	290
1748	615
1410	49
1411	3
1415	41
1416	155
1416	471
1416	10
1416	538
1416	239
1416	314
206	2
1418	522
4349	1
4349	47
6052	1
4350	50
4351	449
4351	450
4352	96
4352	24
4356	180
6344	3
6344	180
6346	151
6346	47
6350	2
4274	126
3058	615
4278	1
4279	310
2118	616
3495	1
6311	14
6314	307
6317	617
6326	10
6326	206
6326	13
6328	6
6328	31
6329	1
6329	63
6329	14
6329	64
973	2
6332	61
6333	2
6333	5
6333	618
6333	13
6337	31
6341	235
4156	6
4156	79
4156	482
973	3
4159	2
4159	3
4160	226
4160	555
4165	14
4167	14
4167	227
4168	2
4168	218
6384	221
6384	132
6390	431
6390	98
6390	47
4576	616
6394	2
6394	3
6396	47
6367	23
6367	24
6367	99
6367	180
6140	616
6370	114
6370	67
6375	2
6375	5
6375	597
6376	2
6376	5
6376	577
6381	290
1325	2
1325	5
1325	597
1326	2
1326	1
1326	171
1329	10
1329	13
1331	346
1333	310
1336	126
1339	96
1339	47
1339	23
1339	38
1343	151
1343	159
1345	2
1346	235
4923	1
4204	37
4204	114
4204	6
6102	3
6102	5
1864	47
476	1
476	38
287	6
287	38
1387	1
2844	1
2844	63
2844	6
1669	2
1669	3
4358	50
4358	290
1350	162
1350	490
4826	3
1534	37
1534	151
1534	19
5420	37
5420	19
1187	19
4686	2
5812	1
5812	63
5812	6
6288	2
6288	5
2005	2
4626	3
3509	1
5005	3
1352	48
1356	171
1358	10
1358	13
1358	516
1360	1
60	34
60	19
3468	2
3468	3
2511	1
41	2
41	3
40	2
40	1
47	31
48	2
48	1
53	6
42	572
1360	482
1366	33
4337	8
3579	151
1096	1
2316	2
2316	3
2316	5
4962	3
4962	5
6246	2
6246	3
2622	3
1330	3
4340	47
4344	568
4345	2
4345	495
4345	272
5704	1
4229	79
4229	5
4304	130
4304	31
4304	5
4308	2
4308	3
4308	512
4309	350
4310	332
4310	151
4310	424
6261	8
6265	159
6267	3
6268	271
6268	239
6269	3
6269	1
6276	264
6278	2
6278	3
6279	150
6280	49
6220	2
4341	47
3909	3
806	240
6220	3
817	60
818	151
824	10
824	3
829	274
829	6
829	5
829	542
835	6
839	267
840	37
840	151
840	173
840	212
843	2
849	1
851	2
851	382
851	5
851	240
877	50
877	130
877	290
880	2
880	3
882	221
882	24
882	537
885	1
885	33
1638	1
886	6
888	190
888	151
981	10
990	165
991	228
993	284
1003	2
1003	3
1007	129
1007	511
1292	2
1290	2
2612	241
3837	2
3842	1
3842	47
3845	47
3847	31
3847	80
3848	3
3848	567
3861	33
157	37
3862	151
3862	47
3862	474
3863	5
3866	3
3868	2
3868	10
3868	61
3869	387
5280	19
3874	129
3874	290
3874	619
3874	264
3874	212
3883	407
3905	2
3905	181
3905	137
3905	10
3907	6
3910	2
3910	497
3911	152
3911	399
1425	5
3912	10
3912	61
3913	393
3914	2
3914	5
3919	550
3920	3
3923	47
5622	5
3923	80
1074	2
3927	75
3936	310
1074	3
3938	2
3944	18
3946	18
3976	246
3976	264
3976	212
3977	130
3978	2
3978	3
3978	61
3981	156
6297	3
4008	2
4008	54
4008	117
5321	37
5321	24
5322	14
5324	10
5325	36
5327	611
5327	321
5327	48
5332	2
5333	141
5333	261
5333	620
5334	47
5336	291
5336	292
5336	10
5341	63
5341	64
5342	14
5345	18
5349	2
5349	497
5357	10
5357	594
5359	2
5360	307
5363	295
5363	129
5363	621
5364	295
5364	129
3622	1
5372	5
5382	6
5387	3
5387	24
5388	33
5389	2
5389	114
5389	90
5390	45
5391	151
5393	61
5395	3
5395	47
5395	381
5428	118
5438	151
5449	47
5451	18
5452	2
5452	3
5452	126
5452	95
5452	508
5454	234
5457	464
5457	465
5461	291
5461	292
5463	10
5477	47
5477	474
5491	584
5498	47
5538	6
5538	47
5538	80
5538	19
5540	2
1766	48
5543	437
5543	438
5545	2
5545	15
5546	530
5548	31
5549	83
5549	138
5553	416
5553	417
5555	2
5555	3
5976	1
5559	79
5563	162
5566	3
5568	10
5568	13
5570	2
5570	126
5665	6
5667	560
5669	346
5670	184
5679	385
5681	162
5681	2
5681	10
5686	274
5688	161
5688	162
5688	163
5688	371
5690	2
5690	5
5698	14
5732	554
5732	85
5733	3
5733	1
5734	295
5735	2
5735	3
5736	505
5736	506
5737	31
5737	80
5738	1
5739	23
5739	18
5741	145
5742	281
5745	121
5747	129
5753	20
5753	21
5786	181
5786	10
5786	61
5786	30
5787	472
5787	10
5789	27
5792	451
5794	24
5800	47
5849	81
5850	96
5850	34
5850	38
5851	1
5851	33
5853	1
5854	130
5854	5
5856	155
5856	2
5856	5
5864	180
5869	2
5875	47
4116	1
5878	47
5879	18
5880	18
5885	5
5887	47
6073	37
6075	414
6075	415
6077	332
6077	151
6077	379
6077	380
6078	267
6080	3
6080	130
6082	155
6082	2
6082	3
6083	114
6083	6
6090	114
6090	67
6090	622
6091	181
6092	241
6092	574
6093	463
6094	1
6098	48
6099	2
6099	5
6104	1
6104	31
6109	2
6109	3
6109	61
6111	150
6111	240
6115	2
6115	3
6119	6
6122	1
6124	3
6124	76
2324	3
6168	2
6168	3
6175	47
6176	99
6178	47
6179	155
6179	60
5580	3
5488	6
6242	104
6242	105
6242	81
5317	6
786	3
5409	302
5522	79
5716	190
5716	6
5716	45
5448	151
5448	566
5773	3
898	126
4011	2
4011	181
5764	10
5764	61
5764	587
1190	106
1190	167
1190	107
6190	33
1552	76
1552	60
6045	1
6217	5
6217	47
6217	38
5412	33
5571	31
6152	67
6152	600
977	251
977	252
977	210
5634	484
6054	10
935	2
935	3
5719	33
5593	47
5593	24
6153	106
6153	299
6153	107
961	6
961	31
961	427
5569	49
5569	159
5569	141
5470	2
5470	3
800	1
1046	448
1046	79
3999	461
3937	151
6043	2
6043	10
6061	2
6061	517
1294	1
3939	2
5898	14
5898	290
6067	130
6063	50
797	1
5492	3
5815	363
4041	2
4041	492
1040	10
1040	613
4020	346
5656	2
5656	3
5721	63
5721	227
4007	145
5179	2
5684	2
4251	3
4251	451
1052	47
5493	298
897	2
3621	6
5663	155
769	2
769	5
769	315
769	234
5654	298
4015	23
4015	18
4015	38
6128	2
3970	203
920	2
920	10
920	13
2305	2
916	50
916	1
916	623
6131	161
6131	526
6131	374
3968	6
5465	544
5465	138
5465	54
5487	291
5487	2
5487	10
1240	99
1240	297
1342	10
864	536
1085	3
1085	180
773	145
767	241
767	2
767	1
767	401
5371	83
1185	3
3857	6
768	250
5597	1
3624	2
5637	14
2390	624
1082	61
6234	1
6151	33
4021	414
4021	2
4021	5
863	52
5771	373
276	2
5608	2
5608	3
5608	387
5899	151
3958	129
3958	3
5510	33
3961	6
5722	2
5722	5
6339	47
6339	474
6339	475
4038	2
4038	1
6096	10
6096	3
6096	22
6254	373
5496	18
4035	10
4035	13
4035	311
823	2
5983	2
855	599
855	45
5897	153
5644	226
6205	41
5709	49
5417	2
5417	165
5595	151
5595	261
3626	6
5661	6
5661	79
5661	47
5661	482
1035	430
914	170
914	547
914	20
914	21
6060	18
3997	151
3997	261
5765	151
5765	47
6232	162
1544	24
5378	398
2318	2
6144	30
5598	3
5598	99
5598	180
5419	2
5419	3
5422	2
875	291
875	292
5707	18
5714	1
6223	226
5430	2
5430	298
6193	2
3844	25
3844	5
4117	1
1097	2
4032	30
5589	14
3967	3
5904	167
905	47
4027	358
1547	241
1547	2
1547	230
5900	362
4022	193
4022	251
4022	240
4022	252
4022	210
4022	450
6216	416
6216	417
6216	418
975	197
975	3
975	244
2446	2
5431	96
5431	270
5431	23
4300	2
4300	499
4300	500
5529	33
6256	234
5577	37
5577	151
5577	212
3996	47
985	27
5649	271
5649	382
5649	239
5649	240
5471	47
4062	596
5490	10
5490	13
5894	532
5894	2
5894	3
5664	234
1097	3
1070	2
6147	96
6147	160
6147	5
6147	47
6147	24
3956	385
4001	126
5436	547
4214	41
6247	1
1077	47
1077	18
1424	47
799	47
5723	2
6154	103
5423	560
862	239
3838	89
3895	47
3856	532
3856	2
5619	235
861	20
861	21
1287	2
6046	50
6046	468
6046	5
6046	99
6046	491
5805	226
5629	2
5629	385
796	10
796	61
3984	49
3984	233
6213	6
6213	80
6213	514
5574	184
6219	2
6219	140
6219	310
810	190
5408	560
6158	2
5599	362
5573	2
5573	3
5573	149
6048	251
6048	449
5802	239
1041	50
6253	33
1192	2
1192	3
3849	305
6208	532
6208	266
6208	506
5511	299
902	5
902	23
902	24
4036	47
775	37
775	48
775	79
775	458
775	52
775	80
4033	145
5316	47
972	482
972	514
3921	197
3921	625
3921	369
5671	180
1241	3
784	114
784	6
784	47
784	24
784	482
4005	6
4005	48
4005	31
5601	3
1045	10
1045	11
4110	10
4110	206
4110	13
6049	245
5466	274
5466	6
5466	394
5443	3
5443	590
6133	350
6133	2
6133	385
6133	312
3988	24
5576	482
984	547
5432	2
5432	47
1056	2
3885	151
944	10
944	546
948	96
948	35
948	24
6188	1
5779	10
5779	7
6206	212
5895	568
5640	171
1031	544
1031	138
1031	54
777	47
144	2
248	2
1423	161
6203	83
6203	2
6203	185
5804	10
5804	206
5804	13
5840	2
5817	79
5817	5
5817	47
5919	2
5809	2
1282	5
1282	303
3989	350
3989	3
3989	30
923	3
923	30
5579	1
5579	25
5472	18
6258	3
6258	69
5468	2
5468	3
5468	523
930	432
6201	2
6201	10
6201	3
6201	61
4059	98
6235	50
6235	290
4051	335
5902	60
5973	22
4713	141
4713	626
4713	388
1116	47
1116	388
845	22
5783	151
5783	212
6215	2
1451	6
4368	114
4368	6
4368	48
4368	409
4532	47
4305	162
4307	2
4307	497
4307	499
6192	2
5905	2
1412	161
1143	14
1143	32
1070	3
644	2
3852	25
3852	5
6222	129
3236	12
2365	22
5479	2
5479	3
2458	2
323	280
2303	12
77	33
4004	64
201	25
4748	25
3157	14
3157	156
591	457
591	151
1101	105
1101	2
1101	81
1101	5
5657	12
4291	12
2854	489
6086	33
3330	2
929	627
731	151
731	481
3824	453
1752	48
1752	233
1752	364
5403	627
216	2
216	3
5270	5
4800	25
2722	338
1721	33
1721	110
1721	294
380	106
380	181
380	90
380	575
2965	2
4065	1
2309	47
1437	2
1437	541
5323	63
5323	224
5558	130
5558	5
5558	402
5558	403
5632	2
641	446
641	447
4024	308
6243	628
5814	150
5814	240
5379	328
5650	2
5650	3
780	48
915	10
915	618
915	13
5635	2
5635	10
1079	223
1079	213
5618	2
5618	47
5618	24
1234	2
5518	47
6066	3
6066	419
1525	25
1525	5
4177	79
4177	52
4177	5
4044	47
4044	62
4659	234
5655	6
5655	482
5715	14
6055	24
5706	552
2391	2
5405	6
5642	99
5642	482
5819	6
6056	1
1000	48
1000	376
5442	2
5442	3
5442	281
5442	60
893	37
893	151
5604	50
5604	52
5604	141
5604	455
5604	384
5604	456
678	310
3038	3
4757	6
3960	6
1018	3
2729	6
6072	5
3715	1
3715	63
3715	6
5279	3
1390	2
3882	6
1445	1
3671	1
2101	37
528	2
528	3
2577	1
5210	3
3660	2
3660	1
4235	24
3403	24
3403	38
3696	3
5173	6
3697	1
2745	19
1379	19
2743	19
2758	129
2758	3
2758	24
4085	3
1556	37
1556	2
1556	3
1555	6
3258	5
1694	5
6354	24
5160	1
6017	2
6037	5
59	1
4609	1
4256	1
1238	3
1238	5
4210	1
4210	5
2423	2
3061	47
3061	24
3061	38
3061	629
3971	1
3870	3
3870	1
3300	3
2576	1
485	3
4565	1
4565	5
5224	572
5224	630
2329	1
2329	63
2520	38
4716	3
1029	1
1029	19
1091	1
1091	5
2181	3
2181	5
5922	1
2438	1
1450	6
6001	3
442	3
1153	3
1153	47
1153	23
1153	38
3706	1
192	151
5680	37
5680	129
3254	3
5504	1
1357	2
1637	151
1636	1
1634	5
1633	1
1633	47
1630	2
1629	6
1629	19
1624	2
1624	3
1623	1
1814	3
1858	2
1849	2
1849	3
1850	1
1852	1
1852	6
1852	24
1852	19
127	19
3812	3
3812	5
936	3
937	3
937	1
1595	3
2044	37
2044	6
3473	1
146	24
146	38
146	629
2663	1
2663	63
2662	5
6209	1
5810	151
5810	1
3544	24
2268	6
2268	19
3137	5
4779	1
359	1
489	3
4638	2
4212	5
5675	2
5267	2
5267	3
1413	1
6132	151
6132	19
4859	1
2952	129
2952	38
3935	2
3935	3
5525	151
6241	129
6241	3
6241	38
3536	1
3531	3
3531	47
2175	3
5867	2
5867	5
6130	19
4762	3
5689	1
3843	10
5251	1
2801	7
3821	37
3821	19
2592	1
2800	1
2505	7
5236	37
5236	1
1889	2
445	3
445	5
5237	2
5237	3
4302	6
1322	6
4397	1
4397	63
6076	3
2027	129
142	3
3502	2
3503	2
3503	3
3503	1
1782	6
5951	37
5951	151
5643	1
5643	19
3422	1
1853	2
1853	3
4886	3
4101	1
5190	33
6171	1
3591	129
3591	3
386	2
386	3
531	2
531	3
4088	7
983	1
5822	34
5822	19
5674	3
1675	129
1675	3
816	6
6393	6
5135	24
5135	38
2327	2
2327	3
2284	2
2284	3
2606	6
2606	19
1285	1
3708	1
6020	67
3644	1
4369	7
5534	1
4581	3
3846	7
444	6
444	19
443	2
443	3
530	1
859	6
5497	37
5497	19
2157	5
2207	1
5386	67
31	1
4673	2
4426	3
1501	6
5035	6
189	38
196	2
196	3
196	572
197	3
199	1
199	63
200	2
200	3
200	5
202	1
203	3
3692	1
3692	19
3690	572
3688	2
3688	3
3680	5
3679	6
3606	19
3610	2
3610	3
1123	47
1971	1
263	3
263	1
1334	3
346	1
1110	2
1110	10
1109	6
2362	1
2362	63
3067	3
4743	2
1899	1
5398	5
138	2
138	3
138	5
994	5
4081	1
5633	3
299	37
299	6
3224	2
4732	2
3514	6
1009	3
1009	1
3553	3
3645	3
3560	79
3558	130
3547	19
135	19
5730	151
5730	24
6042	5
3727	37
3674	1
3659	3
3636	1
3637	5
3634	1
3631	19
3580	1
3565	1
3521	5
3701	1
3701	5
3572	6
5578	1
5578	63
3741	151
3792	2
3792	3
3792	1
5551	2
5551	3
4253	37
4253	38
3678	6
3723	37
3720	37
3720	1
3720	19
3716	2
3716	3
3711	1
3709	3
3700	1
3698	3
3677	2
3664	1
3658	1
3654	3
3653	1
3639	1
3635	1
3632	5
3630	2
3630	3
3587	3
3585	2
3585	3
3576	6
3574	3
3570	3
3569	1
3568	2
3568	3
3568	5
3543	3
3543	6
3542	6
3542	34
3540	1
3537	5
3530	37
3528	3
3528	1
3528	631
3523	1
3522	1
3522	63
3520	3
3518	3
3496	6
3740	37
3740	6
3743	1
3745	2
3745	3
3746	1
3747	5
3748	3
3748	5
3749	2
3749	3
3749	6
3750	3
3750	1
2842	226
3754	1
3756	572
3766	2
3766	3
3769	3
3771	2
3771	3
3772	37
3773	3
3777	1
3779	6
3788	2
3788	10
3788	7
3791	1
3793	1
3795	3
3796	5
3797	2
3798	1
3799	3
3802	3
3803	2
3803	3
3805	2
3805	3
3806	3
3807	3
3809	61
3815	1
3816	3
3818	34
3819	3
3825	2
3825	3
3829	34
3831	19
3835	19
4566	1
4367	1
1264	1
5177	1
970	1
4233	1
4746	1
562	1
1502	1
5144	1
391	1
548	1
4405	1
6070	1
162	1
1480	3
5268	3
609	2
609	3
729	3
741	10
3962	47
3962	38
2430	1
4224	1
1202	1
2645	1
1278	34
3776	378
1278	24
4966	40
4966	378
5387	40
5387	378
3576	79
361	632
2266	116
6055	378
80	67
80	164
80	633
5402	634
3948	634
2435	96
2435	214
2435	278
2435	378
1377	116
2372	635
3776	296
5616	40
5616	341
2648	6
2990	635
2118	221
2118	278
4966	296
4966	522
2661	129
4576	165
4576	278
6384	96
1975	129
5387	296
5387	522
6140	24
6055	146
6055	47
6055	296
6055	522
4521	564
1622	564
5987	3
6210	1
271	54
4916	54
387	151
6266	151
387	3
6266	3
387	1
6266	1
2900	36
2900	18
2185	636
6052	637
3545	609
2187	172
4258	38
272	54
4917	54
272	434
4917	434
884	1
2070	638
2474	638
3087	98
1618	639
6102	50
163	639
4191	639
6204	639
2802	19
2224	50
3591	96
3693	98
479	639
400	3
400	47
535	98
535	31
3928	47
5241	50
3167	639
3019	3
2512	96
2213	639
3125	98
5995	50
1527	639
4560	98
4560	274
4560	5
1296	307
4008	639
5767	47
5465	639
1031	639
1282	98
1532	130
5109	313
5241	640
1973	640
2192	640
5134	640
1733	33
1733	641
4710	640
916	640
6046	640
365	642
223	642
399	642
4718	643
2192	642
6016	642
4710	642
4350	642
6381	642
3938	643
6046	642
5535	60
2849	80
2849	264
1597	80
1597	62
5944	564
5121	3
1904	3
5937	2
5937	10
2695	2
2695	3
4667	47
4663	3
4014	5
4014	47
230	3
230	47
230	38
211	3
179	1
174	2
174	3
268	3
278	37
288	1
302	1
317	1
317	6
317	34
324	129
324	3
324	24
324	19
319	3
319	5
333	6
334	6
334	19
394	3
404	6
411	37
233	1
408	1
417	2
417	3
422	2
422	3
422	1
418	1
270	2
270	3
270	19
453	19
482	37
482	151
482	2
482	3
475	37
500	3
506	1
506	6
481	6
518	2
518	3
523	2
524	2
544	151
544	3
561	2
571	1
579	19
581	47
255	3
255	1
254	24
252	3
249	3
249	5
244	1
244	63
241	1
236	2
236	3
235	1
223	5
184	37
184	19
172	644
170	2
170	3
168	2
168	10
168	61
166	2
166	3
160	6
266	1
269	23
277	6
303	37
304	151
304	19
305	31
306	19
307	1
309	2
309	3
310	1
321	3
330	2
342	3
343	1
343	6
344	3
353	19
358	2
358	3
362	3
363	572
364	6
369	129
369	38
370	572
372	5
373	1
400	1
401	3
403	5
405	3
410	3
419	1
420	286
423	2
423	3
433	37
434	37
434	19
436	1
450	1
450	63
452	1
452	63
459	1
461	151
473	2
473	3
480	1
484	6
487	6
488	2
488	3
488	67
491	3
491	5
493	3
494	5
504	1
507	1
514	151
517	3
517	1
521	2
521	3
526	7
535	3
538	2
540	129
540	38
541	3
542	1
545	3
545	63
545	6
549	1
551	3
552	3
553	6
563	6
567	6
573	6
576	6
435	6
4816	3
4504	3
4819	1
4819	6
4818	572
5725	1
1700	1
1700	63
4688	3
1781	3
2928	2
2928	1
2928	63
3430	37
1644	2
1644	3
4263	1
4263	34
4263	19
1604	2
1604	3
2139	2
1977	3
6141	3
6141	30
2601	3
2680	3
2753	3
2877	37
2686	6
2747	47
2747	19
2609	2
2646	1
2591	6
2657	3
2694	2
2694	3
2723	5
2755	2
2755	3
5149	3
5149	6
5149	47
2822	7
2837	3
2837	1
2640	37
2638	37
2633	5
2632	37
2630	37
2630	2
2630	3
2630	19
2629	3
2626	37
2625	1
2620	3
2619	3
2616	19
2614	3
2608	1
2604	1
2603	3
2596	37
2644	5
2647	1
2647	63
2648	1
2674	3
2674	6
2681	2
2681	3
2688	2
2688	3
2691	2
2691	3
2693	6
2696	19
2697	2
2697	3
2698	1
2709	2
2710	2
2710	3
2712	3
2717	3
2719	2
2731	1
2738	2
2738	3
2748	2
2748	3
2749	6
2749	38
2749	19
2750	631
2751	1
2752	6
2754	3
2756	130
2761	6
2762	3
2764	3
2765	3
2765	24
2765	38
2766	3
2768	1
2772	2
2772	3
2773	2
2773	3
2777	37
2782	3
2782	5
2783	37
2785	30
2788	3
2789	2
2789	3
2792	3
2792	6
2794	129
2794	6
2794	23
2795	37
2803	5
2804	37
2807	2
2807	19
2808	5
2811	129
2811	3
2812	3
2814	129
2814	24
2815	1
2816	2
2816	3
2824	1
2825	67
2826	37
2828	6
2830	5
2835	6
2836	3
2836	23
2840	1
2842	6
2843	1
2846	3
2846	6
2848	2
2849	30
2850	2
2850	7
2852	1
2853	1
2857	37
2859	6
2862	2
2862	3
2863	1
2866	19
5501	3
5526	1
5507	1
3959	2
4718	2
4718	3
4718	1
5441	37
3024	37
1102	1
1103	130
1107	3
1112	151
5335	6
963	38
5758	1
5162	6
2341	3
966	1
1983	1
1811	5
6107	2
6107	3
6107	503
4603	37
4603	6
3090	3
5286	3
5286	19
1231	572
1377	1
1377	47
1377	19
1376	1
1376	19
3273	37
5061	1
2034	6
5288	38
865	2
6058	2
6058	3
3992	6
4972	38
4972	19
4972	629
3026	3
5616	3
5616	24
3994	2
3994	1
4536	1
4549	19
5944	6
4687	3
2297	151
4842	1
4835	2
4835	3
3243	1
1683	1
3343	1
4672	3
4672	24
56	6
1737	1
3303	34
3299	1
3297	19
3296	2
3296	3
3295	6
118	151
119	151
2525	2
2525	3
2525	1
3199	1
3199	5
820	2
4677	1
4677	30
4677	19
36	6
108	1
108	63
93	1
100	19
92	2
92	3
91	3
88	3
88	1
86	3
84	3
82	3
81	1
74	6
67	3
66	3
66	1
66	5
61	3
57	2
4211	6
1428	3
1428	5
5699	1
5521	2
5521	3
1522	5
1656	6
1685	1
4736	3
4736	6
4736	19
3031	19
4164	37
4164	3
1576	37
1576	19
2450	1
1807	1
1807	47
1783	3
5761	3
1839	1
1591	1
1714	3
1719	3
1840	129
1840	1
1872	2
1767	1
1780	3
1597	5
1655	6
1654	1
1653	2
1653	3
1652	37
1617	1
1617	6
1611	2
1611	3
4623	6
1608	5
1605	3
1602	30
1600	6
1592	2
1592	3
1590	3
1586	6
1670	1
1670	63
1670	6
1671	79
1682	1
1688	19
1693	3
1701	24
1702	3
1702	1
1703	2
1703	3
1704	3
1705	3
1706	2
1706	3
1707	2
1707	3
1713	2
1715	6
1722	2
1723	1
1739	2
1740	2
1740	3
1744	2
1744	3
1748	3
1748	38
1749	151
1754	1
1754	6
1755	1
1757	2
1757	3
1758	1
1759	3
1760	7
1761	6
1768	2
1768	3
1768	572
1773	2
1774	5
1786	2
1786	3
1790	3
1793	2
1793	3
1794	79
1797	3
1799	6
1799	19
1802	24
1806	24
1816	2
1816	3
1825	1
1825	6
1825	19
1826	1
1835	19
1841	2
1841	3
1869	1
1870	1
1871	1
1738	2
1738	3
2237	1
5101	3
5101	47
5110	2
5110	3
5109	151
5107	2
5105	1
5104	3
5100	1
5098	2
5093	2
5092	3
5092	1
5087	1
5086	3
5086	6
5086	47
5086	19
2936	1
2930	3
2942	3
4582	1
4680	3
4682	114
4682	3
4682	6
4683	2
4683	3
4689	3
4693	2
4696	19
2403	6
3191	1
3191	6
3190	19
4999	6
2915	6
5968	3
3147	151
3147	3
4636	3
4636	1
5238	10
5241	3
5241	5
5242	6
6259	2
6259	3
5556	6
3362	2
3362	3
5874	6
3389	1
2286	5
2286	24
3165	3
3165	1
3164	7
3160	2
3156	6
3943	5
4858	1
2796	2
2796	10
2796	3
3054	37
3054	130
3052	36
3052	19
3051	37
3051	19
3046	3
3043	37
3043	2
3043	3
3042	1
3033	1
3029	2
3029	3
3021	3
3016	2
3016	3
3014	2
3013	1
3012	3
3011	10
3008	3
3008	1
3008	63
3007	6
3006	2
3005	19
3004	19
2998	1
2994	2
2994	3
2993	151
2992	3
2990	3
2990	30
2988	3
2988	1
2986	3
2983	3
2981	1
2980	2
2980	3
2979	2
2978	38
2977	1
2976	1
2975	2
2975	3
2973	6
2972	37
2972	98
2967	572
2966	2
2966	3
2961	1
2958	3
2957	2
2954	1
2951	37
2949	1
2948	3
2941	3
2940	1
2934	6
2932	151
2932	1
2929	5
2926	3
2926	5
2924	6
2912	6
2905	2
2905	3
2904	2
2904	3
2902	2
2902	3
2901	1
2899	37
2897	19
2895	37
2895	19
2891	2
2883	3
3058	645
3058	38
3059	6
3059	34
3059	19
3062	151
3062	3
3068	2
3069	37
3069	6
3072	2
3080	1
3089	6
3091	3
3092	3
3093	1
3093	5
3094	1
3094	63
3094	47
3094	19
3097	37
4973	3
3195	1
3194	151
3194	6
3194	77
3193	1
3318	37
3318	19
3313	19
3320	37
3316	3
3196	5
2193	24
5567	2
5567	3
1084	6
1601	151
1601	19
3363	129
4879	37
4879	19
2311	24
2311	19
4947	2
5583	5
2938	2
4891	5
5921	2
3100	6
4240	129
4387	6
5614	1
3841	1
2385	6
6240	1
1069	1
1069	6
4869	2
4869	3
6167	7
5163	129
5163	47
6112	3
2339	5
3346	1
5429	6
5852	2
5852	3
5852	1
5985	3
5985	1
5986	6
5986	19
819	3
4882	3
2484	3
5212	37
5212	1
5212	19
5221	37
5217	3
5214	37
5214	1
5204	1
5203	2
5203	3
5200	1
4045	1
2489	6
2493	2
2493	3
2496	2
2496	3
2498	1
2499	2
2499	3
2501	3
3208	3
3206	1
3205	6
3201	1
3197	3
868	1
867	2
867	3
869	2
3597	5
1950	2
1946	37
1946	151
1946	2
1946	3
1939	6
1938	19
1935	19
1934	19
1932	151
1931	3
1931	23
1931	24
1928	2
1928	3
1927	6
1925	6
1924	37
1924	129
1913	1
1913	5
1911	3
1903	37
1900	2
1900	3
1893	37
1893	1
1893	19
1891	3
1891	1
1953	2
1953	3
1958	3
1960	5
1963	3
1963	1
1968	3
1968	34
1969	3
1970	6
1972	36
1972	6
1973	19
1974	5
1976	3
1976	1
1976	24
1978	6
1979	2
1979	3
1985	129
1992	2
1993	2
1994	6
1997	6
1999	1
2001	2
2002	2
2002	3
2003	3
2003	6
2077	6
2183	7
2182	67
6315	3
4597	19
4639	2
4639	3
4639	38
947	1
2553	5
6137	3
4208	2
4208	1
1132	5
2187	2
2187	3
2486	3
2487	37
2487	19
2488	2
2488	3
3213	37
3246	2
3246	3
5970	6
5592	6
3336	6
3460	30
3472	6
3382	2
3382	3
3455	2
3455	3
3282	6
3277	37
3270	1
3270	6
3270	47
3262	151
3261	2
3261	3
3260	1
3259	37
3257	37
3257	6
3257	47
3257	19
3247	1
3245	151
3245	2
3245	3
3244	3
3237	3
3231	37
3230	1
3220	3
3220	79
3210	1
3209	1
3188	6
3188	77
3187	2
3181	3
3181	5
3179	2
3179	3
3179	1
3179	63
3175	19
3152	3
3152	19
3176	37
3176	114
3176	6
3149	2
3149	3
3148	1
3145	37
3145	19
3140	2
3140	3
3138	1
3136	3
3136	1
3133	2
3132	5
3131	37
3129	2
3129	3
3123	3
3123	5
3117	1
3114	3
3110	151
3110	19
3108	2
3106	3
3101	1
3327	2
3327	10
3327	7
3328	1
3340	6
3341	3
3342	3
3342	6
3351	3
3358	34
3366	1
3370	2
3381	37
3383	2
3383	3
3392	47
3394	2
3394	3
3396	2
3396	3
3397	2
3397	3
3399	3
3399	5
3405	3
3407	1
3408	2
3411	1
3414	2
3414	6
3415	1
3415	503
3423	2
3423	3
3424	2
3424	3
3425	3
3425	1
3427	1
3428	1
3429	5
3432	2
3432	3
3433	6
3437	3
3438	1
3441	1
3444	6
3445	63
3445	6
3446	6
3447	2
3447	3
3450	1
3452	151
3454	6
3457	3
3458	2
3458	3
3461	3
3462	79
3465	3
3465	631
3466	37
3466	3
3466	19
3467	151
3476	2
3476	3
3477	2
3478	3
3479	19
3480	19
3484	3
3488	19
3491	37
5816	6
4721	3
4803	3
1038	1
4975	6
4975	19
4974	130
2428	7
2432	6
2432	19
4712	6
1414	1
2477	2
2477	3
1002	3
1002	5
5575	6
908	2
908	3
5194	5
5193	10
5189	6
5188	3
5188	19
951	1
5978	5
5757	3
4089	2
4089	3
1545	1
1545	6
1545	24
1545	19
2687	151
4516	1
1365	6
6335	3
2407	3
4742	1
5020	1
5020	63
1261	1
4421	2
4421	3
6310	2
6310	3
1030	3
2371	1
1335	2
1335	3
1335	1
4273	3
4273	1
4624	1
2518	6
2518	19
2512	34
2514	151
2515	19
2526	1
2527	1
2527	6
2528	3
2530	3
4359	47
4862	3
4862	6
4561	1
4400	2
4400	3
1272	6
4416	3
4605	1
4605	63
813	37
4562	3
5547	3
5547	503
2335	37
2335	19
5269	3
5462	2
5462	3
1542	3
1542	1
4994	38
4988	1
4987	3
4985	2
4985	572
5823	37
5823	19
2558	2
2558	3
4295	2
4295	19
2222	63
2222	24
4424	1
789	19
5844	3
857	6
1766	6
1135	2
1135	3
6369	3
6369	6
5312	114
5312	3
5312	6
2039	37
2095	5
2106	3
2174	3
2242	1
2379	631
2461	6
2328	5
2504	6
2572	19
2578	1
2277	37
2271	6
2271	19
2270	151
2270	19
2263	2
2263	3
2262	1
2260	6
2260	19
2256	2
2253	1
2245	2
2245	3
2244	6
2243	1
2243	6
2241	6
2240	2
2240	3
2239	1
2232	2
2232	3
2231	3
2231	1
2223	1
2216	6
2214	3
2209	3
2209	1
2206	2
2206	3
2206	572
2197	37
2196	3
2195	2
2195	3
2194	2
2172	6
2169	2
2169	3
2163	1
2153	2
2153	3
2152	6
2151	1
2150	129
2145	2
2143	2
2143	3
2143	630
2137	1
2132	1
2132	7
2126	151
2125	2
2123	2
2123	10
2122	3
2120	5
2116	151
2116	1
2113	2
2113	3
2111	5
2111	38
2110	6
2105	1
2097	1
2094	2
2094	3
2094	47
2094	19
2092	1
2091	130
2087	6
2080	1
2079	3
2079	5
2072	3
2069	1
2068	2
2068	3
2066	6
2066	19
2059	2
2059	6
2058	5
2051	3
2048	3
2041	2
2041	61
2040	19
2035	1
2032	1
2032	6
2017	1
2017	5
2016	3
2014	1
2014	6
2278	3
2279	2
2280	2
2280	3
2281	6
2281	19
2289	1
2289	63
2292	1
2293	6
2294	2
2294	3
2298	1
2301	2
2301	3
2302	6
2302	19
2312	1
2315	6
2322	2
2322	3
2323	2
2326	1
2332	1
2337	5
2338	2
2338	3
2345	19
2348	5
2351	2
2360	38
2361	2
2361	10
2366	3
2366	1
2366	63
2366	47
2366	19
2369	6
2370	2
2370	7
2386	151
2393	2
2393	3
2394	1
2399	3
2402	5
2405	2
2405	3
2405	47
2408	37
2409	2
2409	3
2411	7
2413	3
2414	19
2417	5
2419	2
2421	19
2424	151
2424	6
2444	2
2444	3
2453	1
2456	98
2462	3
2467	3
2467	6
2468	2
2468	3
2468	1
2471	1
2479	19
2506	1
2507	6
2533	129
2533	5
2533	24
2535	1
2540	2
2540	3
2542	3
2547	1
2548	47
2552	37
2552	1
2552	19
2554	2
2554	3
2555	19
2557	129
2557	1
2557	63
2563	3
2566	2
2568	2
2568	3
2570	37
2574	10
2575	6
2583	47
2586	37
4125	67
1167	37
6166	37
6166	151
6166	47
6166	19
5291	37
5291	1
5291	19
6327	6
6187	6
4389	37
4958	1
4958	63
4897	37
5141	1
5285	2
5285	3
5285	5
4922	2
4922	3
5308	37
5308	19
5243	2
5243	3
5248	3
5249	2
5249	3
5252	1
5255	6
5256	1
5261	2
5261	3
5262	37
5263	3
5264	6
5272	1
5273	1
5276	1
5282	2
5282	10
5282	3
5284	6
5287	3
5287	5
5290	3
5292	6
5297	151
5297	3
5298	6
5301	6
5302	37
5303	24
5306	1
5306	5
4482	2
5230	37
5230	151
5176	37
5176	3
5176	38
5174	2
5174	3
5172	37
5167	19
5166	2
5166	3
5166	1
5156	3
5152	3
5150	5
5148	1
5147	3
5146	2
5146	3
5139	3
5134	5
5126	151
5126	3
5123	3
5123	5
5123	47
5122	2
5122	3
5119	1
5117	67
5116	2
5116	10
5116	3
5103	1
5077	1
5074	2
5073	114
5073	6
5072	2
5072	3
5069	1
5067	2
5065	2
5065	3
5064	2
5060	1
5055	5
5052	129
5050	6
5049	114
5048	3
5047	6
5046	2
5046	3
5043	3
5040	114
5040	6
5039	2
5039	3
5038	2
5037	6
5034	1
5031	2
5031	3
5025	2
5023	2
5023	3
5022	2
5021	10
5021	7
5017	37
5017	3
5015	5
5013	6
5013	19
5007	3
5004	3
5003	37
5003	151
4996	2
4996	3
4995	2
4995	3
4983	6
4979	3
4968	6
4965	2
4965	3
4965	1
4963	7
4951	37
4951	3
4951	19
4949	1
4945	37
4945	6
4944	3
4941	3
4938	5
4934	19
4933	2
4933	6
4928	2
4928	3
4926	3
4918	3
4918	5
4915	6
4912	1
4912	63
4909	3
4905	38
4904	37
4904	129
4903	129
4895	2
4895	3
4894	1
4893	30
4452	1
4452	19
4876	3
5947	37
4666	30
4612	3
4668	2
4668	10
4668	3
4557	6
4488	63
4411	37
4472	3
4533	2
1014	19
1090	3
958	3
3836	1
5475	19
5494	37
5494	6
5494	38
5818	2
5818	3
1565	3
4365	2
4365	3
3464	1
18	1
272	2
4917	2
5990	6
5112	3
6320	1
6320	63
1355	1
4483	1
5394	1
2650	1
1775	1
1306	19
1189	129
1189	38
1189	19
5369	37
5369	3
1673	3
787	1
3002	47
3783	6
3783	19
3385	129
3385	2
3385	24
1173	1
3125	5
395	3
2677	3
2677	5
3586	1
5250	1
5250	5
2141	1
1746	1
3192	3
3192	24
3192	38
492	2
6322	2
1836	5
3942	1
5131	1
85	1
1099	19
4753	2
1796	1
4510	37
4510	3
4510	19
2907	1
1062	1
5829	1
379	2
379	3
4564	6
3493	3
1639	3
2184	114
3733	1
3734	1
3735	5
3738	1
3739	2
1488	7
6024	2
4617	1
5907	2
5907	3
5906	1
1464	30
5923	3
5917	2
5917	3
5910	3
5962	2
5961	3
5959	5
1733	1
3361	1
4493	1
980	6
980	38
5957	1
5953	1
5952	19
5537	1
5945	5
5505	5
3304	5
5977	1
5966	1
5965	2
5965	3
5964	3
6003	3
6002	1
6000	1
5998	1
5996	3
5994	1
5993	1
5991	1
5981	151
6022	7
6016	151
6016	5
6013	1
6011	129
6011	2
6011	3
6011	24
6005	3
6004	1
6036	572
6034	3
6034	1
6034	6
2378	1
6032	1
1579	3
1580	2
1580	3
3884	47
1582	37
5941	2
5935	1
5931	2
5931	3
5926	1
5925	3
5925	34
5925	23
5925	24
5925	19
2892	5
4540	1
4538	3
4538	5
4535	6
4535	47
4642	3
4644	2
4644	1
4645	1
4646	2
4646	3
1064	1
4526	3
4722	6
4729	2
4729	3
4729	630
4731	2
4731	3
4737	3
4741	1
4833	2
4833	3
4834	19
4844	3
1496	2
1496	10
1497	30
1498	19
1509	1
1509	63
1511	5
1514	6
1523	2
1523	3
1524	3
1529	6
1531	1
4440	2
766	2
765	151
765	3
1020	151
1020	3
785	3
4814	3
2595	47
4821	151
4821	6
4821	19
4827	6
4829	6
4845	7
2833	2
2833	3
2833	1
4852	34
4852	38
4855	114
4855	6
4481	2
4481	3
4478	1
4474	1
4766	3
4766	1
4767	1
4767	19
4770	37
4543	2
4543	3
4543	1
4544	1
4547	19
4550	2
4550	3
4551	3
4551	6
4553	3
4755	6
4433	30
4428	6
4422	2
4418	6
4417	151
4524	3
4520	2
4517	3
4514	2
4514	3
1170	3
1175	3
1176	3
1183	6
1266	3
1274	3
1275	37
1275	3
4704	37
4706	1
4708	1
4710	2
4710	3
4710	5
4711	151
4714	3
1119	1
1120	2
1120	3
4671	6
1152	151
1154	3
1156	2
1156	3
1156	1
1162	3
1163	2
1163	3
1164	3
1164	1
1164	5
1216	631
1221	114
1221	1
1221	6
1221	5
1225	3
1194	3
1199	1
1210	3
1211	1
1212	3
4801	37
1455	37
1476	114
1476	6
1477	37
1483	3
1491	37
1495	6
1427	151
1431	2
1431	3
1433	1
5639	6
1439	2
1439	3
1440	2
1440	3
1446	19
4506	3
4506	6
4584	6
4676	1
4676	7
4412	63
4412	6
4409	2
4402	19
4401	3
4623	5
4633	3
4633	19
4637	3
4640	7
1071	3
4745	3
4745	1
4745	34
4750	151
4751	3
4752	151
1050	2
1050	3
1050	1
890	2
890	3
4556	10
4569	2
4569	3
1533	2
1533	10
1536	2
1541	6
1548	1
1551	2
1553	3
1554	5
1557	2
1557	3
1560	3
1567	3
1568	3
1571	2
1571	3
1574	19
4656	34
4656	38
4656	19
4657	1
4657	63
4657	130
4657	6
4658	2
4658	3
4661	2
4661	3
4662	1
4665	1
4499	3
4121	19
4485	2
4485	3
4484	2
1138	2
1138	3
1138	1
1139	1
1141	2
1142	151
1149	1
1150	6
4473	5
4468	37
4468	151
4592	2
4592	3
4593	2
4593	10
4448	3
4448	63
4448	6
4446	37
4607	1
4790	2
4790	3
4610	1
4611	1
4613	2
4613	3
4613	5
4614	2
4614	3
4618	3
4619	2
4619	3
4621	2
4805	3
4808	1
4809	3
4813	2
4813	3
4813	6
4868	2
4873	2
4873	3
3084	37
1245	5
1248	6
1249	3
1258	1
1260	1
1260	19
4863	3
4863	6
4863	19
4864	1
4864	6
4459	2
4459	3
4456	6
4453	2
4453	3
4776	37
4776	151
4776	1
4777	3
4781	2
4781	3
4782	2
4784	7
4789	2
4789	10
4789	3
4794	6
4571	5
4574	3
4574	1
4574	47
4574	19
4578	19
5473	19
104	1
1367	3
1375	1
1380	2
1380	3
1382	3
1382	23
1382	24
1382	38
1318	2
1318	3
1321	2
1324	6
1297	3
1298	3
1305	31
1309	2
1311	37
4788	1
957	3
4106	1
4107	37
4107	24
4112	3
4114	1
4119	38
4120	6
4124	3
4126	37
4128	3
4131	2
4131	3
4807	37
4807	6
4807	19
4195	2
4200	1
4200	6
4203	3
4205	3
4216	37
4216	151
4216	2
4216	3
4220	5
4282	151
4283	37
4288	3
4292	2
4292	1
4293	1
4297	2
4299	2
4134	10
4135	7
4138	3
4139	2
4145	2
4145	3
4151	19
4153	1
4313	1
4314	1
4325	2
4325	3
4332	130
4333	2
4333	7
6283	1
6283	63
6285	1
6290	5
6295	6
6300	6
6301	3
6302	1
4265	37
4265	3
4267	3
4268	1
4270	1
4172	3
4175	2
4175	5
4187	2
4187	3
4187	1
4188	2
4188	3
4245	34
4245	19
4247	19
4248	2
4248	3
4249	2
4249	3
4382	1
4371	37
4377	10
6365	2
6365	10
4077	1
4079	24
4079	38
4086	151
4090	3
4092	2
4094	130
4096	3
4096	1
4096	572
4100	3
4100	34
4100	23
4100	24
4102	3
4103	1
1383	3
1383	6
1386	151
1391	3
1392	5
1395	2
1395	3
1400	2
1400	10
1404	3
1404	79
1407	3
1408	3
1409	2
1409	3
1410	5
1415	1
1419	3
1419	5
4349	3
4350	2
4351	2
4351	3
4351	1
4353	1
4353	6
4354	3
6344	2
6346	19
6347	37
6347	19
6304	2
6304	3
6311	1
6313	2
6313	3
6314	3
6317	3
6326	7
6328	3
6332	2
6332	10
6333	7
6337	3
6338	3
6342	2
4155	151
4155	6
4161	2
4161	1
4165	1
4167	1
4168	3
6389	3
6390	37
6367	38
6368	2
6368	3
6370	30
6380	3
6380	1
6381	5
1329	7
1331	2
1331	1
1332	6
1333	2
1337	6
1344	2
1346	1
4362	2
4362	3
4363	3
1352	5
1356	1
1360	3
1360	19
1364	2
1364	3
1366	1
4334	3
4337	6
4339	3
4340	37
4340	19
4346	3
4346	1
4227	129
4304	129
4304	1
4309	2
4311	3
6261	37
6261	151
6261	3
6261	6
6261	47
6265	3
6271	631
6276	6
6276	19
6280	1
6282	1
6085	1
4341	3
4341	6
4341	34
4341	19
792	1
792	6
812	2
812	3
812	1
817	2
817	3
824	2
824	7
827	2
827	3
833	19
839	2
839	572
847	2
847	3
850	3
850	1
876	3
882	2
882	3
889	2
889	3
889	47
894	2
894	3
909	1
911	2
911	3
971	1
986	3
987	3
990	1
990	47
990	19
991	47
992	3
993	129
993	24
993	38
999	19
1001	2
1001	3
1006	3
1007	67
1010	6
1017	37
1017	1
3842	3
3845	5
3862	19
3863	3
3865	6
3872	5
3874	1
3904	37
3904	151
3904	1
3906	2
3906	3
3906	7
3907	19
3911	1
3914	3
3919	2
3919	3
3922	5
3923	19
3925	2
3925	3
3926	6
3927	3
3941	37
3944	19
3946	37
3946	19
3976	3
3976	1
3981	1
4009	37
5322	1
5325	37
5330	511
5334	37
5334	19
5336	2
5336	1
5342	1
5345	6
5346	6
5347	2
5347	3
5358	1
5361	3
5361	1
5363	3
5363	31
5364	31
5370	1
5370	5
5374	2
5374	3
5382	151
5388	1
5390	6
5391	19
5396	2
5396	10
5428	1
5428	63
5428	47
5438	19
5449	19
5451	37
5457	37
5457	5
5460	3
5460	1
5477	37
5477	19
5478	36
5478	19
5481	37
5498	1
5498	19
5531	3
5533	6
5538	37
5541	2
5545	3
5548	6
5549	2
5549	114
5549	3
5549	6
5559	1
5563	2
5566	5
5568	7
5667	67
5669	2
5670	3
5679	2
5681	3
5681	1
5682	37
5682	19
5698	1
5731	3
5732	38
5733	6
5734	129
5734	2
5737	6
5738	31
5739	37
5739	3
5739	19
5741	2
5743	3
5743	1
5744	2
5750	2
5750	3
5754	3
5756	2
5756	3
5756	24
5759	3
5778	1
5784	37
5788	3
5789	1
5794	37
5798	2
5799	1
5849	2
5849	3
5850	3
5854	151
5868	3
5875	19
5878	37
5879	37
5879	19
5880	37
5880	19
5881	1
5882	3
5887	19
6078	572
6083	63
6087	6
6089	3
6089	6
6089	19
6090	30
6092	2
6097	3
6097	19
6100	1
6105	6
6106	2
6106	3
6109	10
6111	3
6115	1
6119	37
6119	24
6120	1
6121	3
6123	3
6124	1
6161	2
6161	3
6164	3
6174	2
6174	3
6175	6
6178	19
4932	2
4932	3
6134	151
969	2
5409	151
5409	3
5409	6
5781	2
5781	3
5522	37
5522	151
5448	1
4011	1
3986	2
3986	3
5764	2
1078	6
5763	1
6190	1
5708	1
5767	2
5767	3
1552	3
3955	2
3955	10
5412	1
5775	2
5775	3
1280	2
1280	3
6059	151
5713	3
6231	2
5634	2
5634	3
5634	1
5963	1
5593	151
961	114
853	30
5569	6
800	2
800	3
1046	1
6255	2
6255	3
6212	6
924	1
1039	2
1039	3
5898	3
5898	1
4012	2
4012	3
6063	2
6063	3
6063	5
5492	2
5721	1
5607	3
5414	3
4251	5
4251	38
1129	151
1052	1
1052	6
5493	3
1736	37
1736	19
979	37
5663	3
5654	3
4015	37
4015	19
4286	2
4286	3
3970	6
5776	3
6207	2
6207	3
3991	1
1240	3
864	6
864	5
3954	6
1085	2
6249	6
5371	2
1185	2
768	1
1087	1
5637	1
5652	2
5652	3
921	2
6248	2
6248	3
6143	2
6143	3
5406	1
5837	2
5837	3
1037	2
1037	6
5584	2
5584	3
863	3
5960	3
5960	24
6226	2
6226	3
5899	6
5510	1
6339	3
6339	1
6339	6
6339	19
4038	3
3951	151
3951	6
774	5
5424	37
5424	38
5646	2
5646	3
5496	37
5496	19
4035	7
6228	3
823	3
855	3
855	6
5897	3
5897	1
5897	63
5897	47
5897	19
5644	19
6205	1
5709	79
3889	6
3889	19
5426	79
5627	2
5627	3
6041	3
5661	19
3972	2
3972	10
6196	1
5400	37
5400	6
3950	37
6060	37
6060	19
5765	19
4013	2
5378	3
3990	2
6144	79
5582	5
5582	24
5720	3
5720	1
6140	3
5707	37
6223	37
6223	151
5430	3
3844	1
4032	2
4032	3
5589	1
5399	5
5377	151
5377	6
1083	1
905	19
949	37
949	151
5777	1
5777	63
5777	6
6216	2
6216	3
975	1
4300	3
4300	5
5529	1
5373	3
985	1
1195	3
1293	37
906	2
906	3
1051	3
1051	1
1051	47
4062	2
4062	3
5490	1
5662	2
5662	3
913	3
913	34
913	24
913	180
6147	3
3956	2
6257	6
6257	19
4214	1
4023	2
4023	3
1077	37
1077	19
1424	1
1424	19
5383	3
3859	37
3895	19
6345	1
6345	63
5619	1
1088	2
1088	3
6046	2
5805	6
5444	2
5444	3
3894	1
3995	1
3984	6
5410	2
5410	3
6213	34
6213	23
6213	19
783	6
5780	37
5780	6
967	151
810	37
5408	67
5651	47
5651	19
3998	2
3998	3
1041	3
1041	5
974	151
6253	1
6186	3
6186	1
6186	63
4049	3
3849	6
902	47
4036	6
5316	37
972	2
972	3
972	6
972	19
3921	30
5671	3
5671	38
1093	3
5503	6
784	19
4005	63
1089	3
4052	3
1405	2
1405	3
4110	2
4110	7
6133	631
3988	1
3988	6
5576	1
5576	6
5576	47
5576	19
6065	1
3885	37
6206	1
5620	2
5620	3
5640	1
777	34
777	19
1036	3
5415	3
1092	1
6053	37
5804	7
4019	3
4019	23
4019	24
5817	3
1284	2
5919	3
5809	3
1282	2
923	2
5472	37
5472	19
874	2
874	3
900	37
900	19
930	3
930	23
930	24
930	38
6142	6
6145	2
6145	3
4059	5
3896	3
4051	2
4051	10
4051	3
5902	3
4713	6
1116	6
1116	24
1116	19
4660	3
940	1
1061	47
1061	19
5326	2
6215	5
4532	6
4307	1
6192	3
5905	10
5905	3
5905	7
3563	6
3041	37
2985	6
1143	1
633	37
633	19
1562	6
1420	1
1420	63
3440	6
4287	2
169	47
4178	2
4178	3
1417	1
323	6
3232	1
201	2
201	3
201	1
3511	3
5054	2
5054	3
1727	6
3157	1
848	2
848	3
259	1
5508	1
3225	1
5270	3
4670	3
4670	6
4800	2
4800	3
4800	1
1721	1
237	5
4460	3
1057	19
2309	19
6353	5
396	6
5340	1
5323	2
5323	3
5323	1
5323	47
604	37
610	2
610	3
641	1
4024	2
5379	5
5596	2
5596	3
5650	30
780	1
780	6
915	1
915	7
5635	7
1079	6
5618	3
5404	3
5581	3
5581	6
4044	6
5655	3
5655	34
5655	19
1073	2
1073	3
5715	1
6055	23
5653	2
5653	3
6252	3
1000	1
3969	6
5418	37
5418	2
5418	3
5604	5
6127	3
2784	2
2784	3
4237	2
4237	3
3646	481
1443	5
432	60
907	60
5697	60
5796	60
2021	60
1929	60
1042	60
3227	60
5641	60
3787	60
3238	60
4093	60
398	60
156	60
1539	60
3333	60
901	60
1864	60
5942	60
2438	60
3531	60
3685	60
2505	60
6359	60
3553	60
2475	60
2840	60
4815	60
2525	60
67	60
66	60
1791	60
5101	60
5099	60
4695	60
4973	60
4240	646
2258	60
2117	60
3466	60
4803	60
2563	60
5052	60
1471	60
4158	60
3082	60
4553	60
1468	60
4105	60
6082	60
935	60
1265	355
2149	355
3890	3
1597	50
5817	431
4694	116
2773	647
3012	647
5252	648
4429	648
1298	647
1143	648
6043	291
2346	303
5798	469
5798	545
3715	482
72	649
5705	649
3412	649
3256	649
3501	6
3778	8
1628	79
3924	2
3924	3
6041	2
5845	47
4024	130
1720	2
1720	5
1720	47
3609	6
1109	146
2676	193
6284	1
1749	231
1841	193
5139	1
5139	5
930	47
3220	1
1687	146
476	3
476	165
5818	1
1473	146
5327	6
1420	156
3307	5
3394	650
5152	650
1091	170
1641	559
4771	60
4	32
23	32
25	32
4939	32
2700	32
2198	32
4319	32
831	32
4811	32
48	651
2203	32
4083	652
3637	652
2609	432
2609	141
123	79
1919	290
3117	653
5025	506
6160	652
3942	32
6302	653
6214	652
1087	653
3995	653
4622	654
5870	655
175	162
175	656
175	433
175	657
80	655
146	658
5578	432
4500	432
5699	181
5699	548
5699	659
6066	197
5117	655
4183	2
3905	659
1082	10
5671	658
1515	214
6357	2
1462	214
1462	5
5242	146
3030	1
2971	214
1953	660
1533	660
1554	661
1962	170
1962	662
4771	3
4578	47
4578	24
688	47
2899	79
2270	79
5276	14
5762	457
19	111
318	663
608	47
645	15
2990	664
891	665
6102	15
976	10
3787	406
3238	406
288	116
2061	406
443	665
554	2
1106	7
1760	15
2181	1
2028	2
333	47
1809	10
6167	15
687	118
4430	114
3825	98
2933	159
2933	141
4269	2
3968	114
3857	114
6066	2
2590	214
2328	665
3147	130
5021	15
5821	666
5240	214
4976	667
1861	2
6025	315
5147	668
2087	359
2087	666
2109	3
4212	3
6098	359
6098	666
253	60
3264	47
3296	117
2300	47
5176	47
5078	117
5424	47
