2070	1
5697	2
2279	3
4995	3
770	4
1045	5
1769	4
1653	6
1857	7
1909	8
2612	9
4971	10
4971	11
3787	2
6126	12
3238	2
1134	13
988	14
5975	15
5975	16
6389	6
3503	17
722	1
3189	18
2820	19
1219	2
1105	14
926	20
1243	21
4395	22
1722	23
2090	2
4348	24
3127	2
2320	25
381	21
381	26
6148	27
6148	15
5790	21
3549	3
5535	2
1606	28
809	15
1198	29
3375	30
1625	30
1987	31
1680	2
3913	32
3913	14
14	31
4454	33
5402	34
1569	31
5000	2
5402	35
4860	34
3335	36
3335	37
2482	27
2482	36
3085	38
3146	36
657	39
4	40
3794	41
25	40
5357	16
4939	40
3431	42
2654	42
1729	43
432	44
432	45
432	46
432	47
69	48
667	49
1127	50
3384	51
3384	52
361	53
361	54
361	55
6204	22
3047	56
3047	57
4854	58
6006	59
6006	60
6006	61
6006	62
614	63
614	64
6204	18
614	65
4626	2
273	66
3449	67
3449	68
4235	39
5235	69
1770	70
11	71
1025	72
2546	73
2827	73
3403	39
1764	74
2038	75
3714	76
1072	77
3714	70
3655	78
2556	79
4726	80
6100	81
2758	39
6115	82
3255	83
5922	2
950	84
950	85
896	86
5590	87
4986	87
4986	82
1922	88
1922	87
6084	89
6084	90
1858	2
1251	5
19	15
1422	15
1422	91
2115	27
6138	28
3510	7
5677	92
5677	87
1594	93
1594	94
1594	95
27	96
27	97
27	98
27	99
15	100
2628	27
5	101
6	101
7	102
1071	103
8	102
17	27
21	102
5671	104
1607	105
5730	106
2198	60
6042	106
125	106
3436	107
4857	108
2664	109
907	110
1851	111
1851	112
1851	37
1448	113
601	114
479	22
284	115
6146	116
6146	117
479	118
4451	119
4451	120
283	121
283	122
2043	27
5446	27
4601	10
5320	123
479	18
479	1
2962	124
3851	27
3851	125
1299	126
2008	127
2266	127
468	128
1650	129
1650	130
933	131
2714	2
2723	106
2822	2
2644	106
2678	22
2817	22
4943	132
2020	133
5883	134
5883	135
4502	136
3185	137
285	138
4261	15
4261	139
844	15
5110	1
844	91
5355	15
2052	140
2052	60
2440	141
3400	142
3400	143
5972	71
5972	67
1196	144
1771	145
2088	15
2159	15
4376	27
4376	15
3684	15
4266	27
4266	15
5225	146
4749	27
4749	15
1986	15
3932	27
3932	15
3965	15
5070	15
5070	147
463	15
1086	15
1086	148
4080	149
3670	150
1191	28
2183	2
2923	3
5858	151
2070	152
3177	153
3177	27
3177	134
2070	97
4222	154
4222	155
2368	156
4277	96
2561	68
3144	157
4277	158
3948	159
3948	160
5770	161
70	162
6299	163
4992	164
4992	3
872	165
782	45
3263	150
6101	150
691	134
2213	22
5695	166
5697	167
805	168
805	169
805	170
805	171
2213	118
805	172
4370	93
4370	96
4370	97
4370	172
4370	173
2213	1
2132	2
6356	174
2213	18
2162	18
2797	175
2481	176
2076	2
5857	177
1428	178
5915	97
2250	116
5915	179
4431	180
4431	181
6361	87
3379	182
3379	152
3379	183
4978	87
1515	45
1515	184
3682	185
5564	186
4946	18
376	11
376	3
376	187
376	188
2518	189
3178	18
4498	97
6138	68
1857	182
1847	190
1847	5
1432	136
4498	179
4357	191
5554	31
3686	192
3686	193
3686	194
3686	195
3686	196
1253	197
3686	198
3000	199
5009	200
3699	124
4357	7
2495	201
2495	202
2495	203
3027	22
4629	34
1243	116
1243	204
1243	205
1243	119
3731	106
4586	206
1197	207
1197	208
1197	209
1197	210
1197	211
1197	128
1197	212
245	68
2892	213
389	214
4845	2
831	40
3229	215
3229	107
5337	28
432	216
3776	28
1216	7
5458	217
5969	116
1216	18
1321	18
2135	3
5872	218
6218	219
2021	220
4193	22
3077	27
6051	221
870	116
4193	2
1988	94
4193	213
1988	95
4463	22
4463	97
4463	222
4463	223
3917	224
3917	60
3917	95
3860	68
2056	44
2056	225
5611	226
5611	227
5611	228
4351	2
2684	229
2550	179
4763	230
2918	231
1366	232
847	2
993	39
5440	15
1012	146
5196	15
1929	233
1042	234
522	235
4655	236
3976	106
4655	237
5281	238
1887	87
1887	82
2659	239
384	240
5412	18
2374	241
5729	134
6296	242
6296	243
5729	244
1890	24
1890	245
1890	152
1890	17
5766	246
5766	247
4366	248
5084	249
3227	20
3227	50
2982	250
1169	251
5629	18
6233	252
282	253
784	106
3689	254
1695	255
6133	18
5169	256
3307	257
3307	258
3307	259
4812	238
6133	7
5795	238
3266	260
3266	261
5641	110
3337	262
2649	87
1151	263
1151	264
1151	265
1151	266
1151	267
3103	268
660	69
5752	151
5752	269
6135	134
6135	151
6135	270
3293	93
3293	271
3293	87
3293	3
3293	272
3293	82
3293	68
4301	273
1647	83
4048	274
220	68
220	28
221	275
350	201
350	202
350	203
5909	119
1328	71
5909	276
2215	58
1902	277
1902	278
1902	279
1902	280
3184	281
3184	282
3184	283
995	102
3120	284
1259	285
4254	15
3785	15
3289	15
4181	15
838	15
4330	15
3886	286
6388	286
1016	287
4170	116
1945	288
5229	288
3372	68
3372	289
4900	80
3053	290
3053	291
3319	290
1657	292
5309	292
6180	73
2588	22
2292	293
1585	22
2400	15
6318	15
1051	294
3516	3
3474	15
2858	15
5984	15
454	15
3227	3
217	15
1784	15
4285	3
2903	15
1044	15
2128	295
311	15
4018	3
770	3
6382	296
4068	297
4071	297
1185	128
4073	297
2702	42
2702	298
2702	299
2702	300
2704	42
2704	298
2704	299
2704	300
3081	301
953	15
899	15
3244	302
2516	295
700	21
700	98
699	303
699	98
699	95
752	26
4066	297
2624	134
2624	304
4811	40
2015	295
2269	34
1838	151
1837	305
5011	83
3063	306
3233	307
35	246
35	68
35	28
3858	246
3858	272
3858	28
4076	308
2652	309
577	310
577	301
895	15
4093	311
1381	15
6362	15
1689	87
2513	238
807	27
722	97
1678	312
1725	313
2085	94
3826	314
5836	37
960	87
2074	315
4306	316
5836	242
1067	317
5133	318
997	319
997	68
997	28
1519	320
6238	98
6238	172
356	98
4791	321
4587	116
4587	119
4587	322
4587	271
4587	323
2860	45
5080	3
5108	206
5108	205
5108	98
5108	324
5108	325
5108	223
2671	308
4380	321
1254	96
1254	172
3252	326
415	144
415	327
1239	28
2900	328
4477	329
4378	329
3228	330
2364	15
4890	15
3628	45
5843	331
5843	332
4959	333
471	334
5142	96
5142	335
5142	197
5142	68
5142	325
5142	336
5142	223
504	68
2363	151
2363	269
2363	289
3712	337
4420	338
2127	339
4787	340
3189	341
1027	3
4522	342
4148	123
803	239
5130	83
3985	343
3985	344
1146	45
4000	45
5658	345
2492	346
4512	347
71	348
4990	331
1851	134
1833	349
1833	350
1833	119
1833	351
1833	93
1833	98
1920	306
1920	352
4519	353
2919	354
161	116
2179	355
2179	11
2179	356
1063	357
1063	358
1181	359
2435	87
470	47
6379	360
3640	15
3611	119
5609	134
5609	361
5609	362
5609	363
5609	364
832	238
2042	27
2042	15
2042	365
3614	116
3614	271
3614	95
3614	366
301	249
4970	272
4970	68
6064	331
4179	367
4179	368
4091	369
4091	370
3250	371
4970	372
4970	96
3557	373
3241	216
3241	45
3241	374
2320	375
1076	152
1076	17
1848	182
1848	376
1244	96
1244	341
1244	47
3753	151
3753	289
3753	269
3605	377
4108	378
3850	379
3850	380
1178	381
1178	382
1058	383
3516	17
3604	384
3134	369
3134	385
4783	386
2819	17
381	387
4276	388
4739	68
4739	28
5999	125
1060	389
1283	156
1637	67
4434	390
6377	321
2178	116
2178	298
3482	391
3078	221
5845	392
5845	393
1219	27
1219	167
866	394
1313	246
1313	395
229	17
1493	396
6012	397
1144	398
1905	399
4758	400
779	401
779	402
3519	197
3519	52
5009	400
2573	403
2573	404
5515	134
5515	405
5515	85
5515	406
347	152
347	128
347	24
1081	152
2920	45
5825	331
5825	407
490	408
490	409
4839	410
5251	400
355	411
743	354
3814	412
338	134
338	28
713	413
398	67
5064	17
1865	414
2483	367
2378	415
4040	159
4040	160
3128	68
3128	28
4163	92
4163	68
2819	416
5102	134
635	417
635	418
1141	17
2690	419
2690	30
5666	408
2029	420
738	251
738	47
738	387
738	421
4010	422
378	423
3148	400
4760	134
773	17
156	25
4912	400
1730	424
1730	425
5164	269
5164	426
3387	116
3387	119
3387	322
3387	427
6330	428
6330	429
6320	400
5957	400
1429	321
5924	46
4653	410
4147	97
4147	27
4147	325
954	67
730	430
2672	431
2524	432
3584	134
3584	433
985	400
5027	104
5027	434
5648	15
1161	19
5042	243
2296	435
1550	436
1550	437
1550	438
624	439
5018	440
627	441
627	3
627	442
627	28
171	10
6363	443
348	116
38	444
182	445
569	276
569	119
1711	116
1711	94
4317	28
5459	446
2779	447
345	88
345	68
345	448
2615	449
2615	276
2167	450
4724	87
4724	68
265	451
2675	452
412	321
4143	87
6129	198
6129	453
6129	454
6129	455
3767	456
3767	393
3767	457
904	87
5397	321
3975	204
3975	322
1539	311
4223	96
4223	97
4223	458
5550	45
6028	298
5821	459
5821	3
5821	319
5821	354
6029	116
5929	133
3182	227
5367	460
5367	461
5367	119
795	27
2089	462
2089	463
2474	152
4403	94
1004	320
1004	444
1004	464
1004	465
4174	271
4174	97
4174	68
4174	466
2004	15
4780	15
4554	467
2004	279
1196	134
2956	468
4347	469
5315	348
5024	381
5024	470
4841	15
5245	412
4799	471
6372	472
5628	116
5628	322
5628	95
6274	473
3240	270
3240	97
3240	474
3240	475
426	242
426	110
3127	476
3127	477
4754	348
770	478
6383	242
6155	348
2090	412
3127	412
5535	412
5535	479
4039	480
4039	481
3541	306
407	91
407	47
407	24
2997	482
811	478
6116	87
5587	385
4320	272
4320	340
3329	483
2067	484
2067	30
5368	485
4037	206
5859	134
5617	486
3256	432
1854	487
1854	488
1854	489
516	412
3376	490
3376	491
3378	492
3670	216
1747	493
1747	284
312	95
6172	68
6113	214
2731	106
3729	87
1443	494
5021	495
5208	95
1201	152
1371	15
3875	496
1360	106
3087	497
2950	284
5154	96
5154	97
5154	331
5154	498
5690	499
830	500
2610	26
2610	448
5201	45
5201	501
5201	84
5201	416
854	502
5831	503
3828	224
5782	449
5782	119
5782	183
5782	324
5782	504
5782	276
1570	418
5445	433
1827	182
1827	505
1827	506
3279	507
5703	60
2774	440
6194	242
5703	242
2774	508
1679	509
4865	403
2185	93
2185	510
5435	95
2083	206
1785	28
2372	45
5075	45
1215	88
1215	511
4185	512
6050	271
6050	501
3947	438
365	45
365	24
107	96
107	97
5700	243
107	95
3158	15
3813	15
2261	177
2460	79
1166	152
3713	513
5901	22
5331	514
4154	216
4154	515
5318	21
5318	26
3344	44
3344	381
5375	516
872	216
2887	512
2168	517
3616	147
3616	518
3616	519
3616	520
1897	521
2612	93
3855	50
677	239
5121	437
5121	522
3263	216
3003	523
6260	524
702	93
2706	381
6101	216
2787	45
4360	525
5045	45
6357	46
6357	165
1620	27
1620	151
1620	92
1967	526
2356	15
1270	527
1270	27
3780	307
3781	528
3930	529
4285	530
4285	531
5697	134
4552	344
4552	532
901	478
956	478
2398	533
2398	172
2398	47
3404	534
4521	535
4838	536
4836	537
300	298
3877	538
3877	539
2431	27
3702	68
360	53
1323	540
1323	134
1323	541
1323	542
1618	93
1618	271
4625	543
4625	544
1618	68
3652	545
1769	546
4775	547
253	548
1680	549
4895	550
5848	45
5000	412
1463	95
3416	152
3416	128
5620	551
5184	348
2388	348
6305	3
6305	348
922	348
4123	348
887	552
5338	246
5338	151
5338	87
6251	206
6251	98
6251	95
5647	553
998	554
4853	555
4404	556
5694	557
3776	341
3776	416
3776	47
4892	558
4530	534
4530	559
4530	560
4701	561
2057	134
3695	525
4606	27
1515	216
4769	466
747	562
747	563
2026	134
2024	564
747	565
747	372
657	87
657	566
657	567
664	521
657	426
664	568
616	569
616	531
682	570
754	571
754	572
658	15
686	54
686	55
694	573
697	534
721	94
723	321
737	438
619	436
619	437
600	574
642	308
608	456
608	393
761	575
648	576
648	74
1243	95
3982	512
6218	134
870	95
917	243
2135	15
2135	148
1776	509
1866	180
1866	96
1866	97
1777	180
1777	97
1777	183
4950	577
4950	28
3508	116
595	578
596	134
596	336
617	579
621	27
628	558
631	580
631	68
589	581
636	582
637	583
638	584
638	585
639	94
647	586
653	129
654	587
593	24
594	236
594	289
665	588
665	589
669	331
688	590
690	84
706	15
707	585
708	591
708	592
712	276
716	226
716	582
716	214
717	466
724	593
726	15
733	93
733	27
733	134
733	3
734	478
748	577
732	594
892	348
891	68
891	595
891	24
4480	381
2771	183
2771	596
2771	597
670	598
5407	468
5407	562
5407	272
5407	68
968	599
847	27
5575	600
2367	159
5407	565
2128	310
4418	442
6027	601
3761	224
3761	95
1856	602
939	116
939	296
3529	603
3529	604
4600	321
5514	24
4415	478
6057	316
3239	583
5206	96
5206	97
5206	95
3272	96
3272	95
3017	27
4957	27
3615	605
3615	606
558	96
1966	514
4173	526
2442	27
2442	607
2442	336
5247	534
5247	572
5246	608
3271	609
112	610
111	595
332	312
5413	611
5413	612
4408	44
4408	16
4408	474
2131	216
2131	521
2131	68
2047	116
3045	134
3045	613
4055	128
1521	614
5588	614
89	3
89	28
4055	340
2307	615
2307	616
1648	617
1648	429
1648	618
5026	15
2082	475
63	27
5668	595
5668	619
5001	242
5001	243
63	620
2740	621
4822	66
1741	622
1596	152
3719	623
3718	624
5625	625
180	626
3596	312
3593	627
3500	354
3594	527
3501	628
4756	182
4756	60
3778	330
4699	553
3619	466
206	617
2160	629
2160	630
3495	15
973	631
1363	3
1363	128
1059	632
4204	633
6272	225
6272	634
2538	635
1618	636
2538	637
2538	5
4923	625
6102	45
6102	374
1864	119
1864	271
1864	245
2416	152
4256	385
5701	554
287	249
3227	216
3730	638
163	93
163	271
4511	473
4191	271
479	636
163	97
163	1
4191	97
4191	1
1387	639
1387	640
555	325
5942	94
5942	269
5942	11
5942	369
549	641
3513	502
3513	642
3513	450
2844	643
2844	644
105	385
1669	645
6306	348
4826	347
1534	646
5420	646
1187	88
4686	182
4686	605
1832	647
5812	648
5812	649
6288	553
2999	385
1169	95
6204	271
6204	97
6204	1
4626	68
4626	650
2155	144
868	651
1886	319
5005	497
60	512
3110	319
1315	652
3509	71
1881	653
3468	654
2401	385
1218	385
2104	385
383	182
383	152
383	183
2511	15
41	655
46	45
2184	385
43	512
44	656
44	147
44	657
3566	385
4591	385
5912	319
48	5
48	93
48	183
52	658
4702	385
1559	216
52	424
52	659
53	660
45	478
1205	647
51	661
852	385
3860	272
3860	662
3860	28
3860	466
1096	663
2050	535
4961	389
6246	664
5381	665
2622	666
3039	667
5128	119
1330	668
6220	669
155	670
155	671
2427	640
157	672
5280	483
1074	271
1074	339
495	315
6297	45
4025	328
6244	673
6244	674
3622	675
3622	676
3622	677
3622	678
5976	5
5976	3
5976	68
5976	634
2291	679
5641	134
4116	238
4866	607
2324	116
2324	224
4118	680
4527	681
1097	478
6386	243
1070	682
3853	45
3853	374
3038	21
4757	683
3960	684
3034	271
3034	96
3034	97
3034	3
2729	685
2729	45
2729	28
6072	686
3578	3
4375	67
3715	687
3715	688
3083	689
5279	690
5277	691
392	692
794	272
794	68
6169	693
1445	15
3671	15
4991	21
841	134
841	433
2101	89
2101	90
689	97
3212	47
1594	117
528	383
2577	694
5210	695
5209	28
3660	384
4235	82
4235	567
4235	426
738	26
3403	82
3403	567
3403	426
3088	696
5173	697
4379	95
2745	698
2745	532
1379	344
41	699
2743	344
2743	532
2758	87
2758	82
2758	567
2758	426
2195	699
4085	700
33	269
1556	701
498	414
1555	441
1555	3
1555	442
1555	702
1555	28
2465	703
3198	704
3258	68
147	26
5527	26
1694	151
1694	3
1694	270
147	5
147	172
5527	5
5527	172
1694	246
1694	82
4018	93
4018	25
4018	319
6354	705
5160	129
59	459
59	354
4609	238
4867	151
4867	270
1200	706
6371	411
1238	151
1238	269
4210	151
4210	289
2423	98
2423	427
2134	246
2134	601
2134	111
2134	473
2134	707
3971	134
3971	238
1777	5
3870	152
3302	27
2576	214
485	708
485	709
3390	710
281	607
2219	93
2219	3
5224	21
5224	26
5224	711
4408	712
2219	172
2219	47
4542	216
4542	427
4542	522
4408	351
5762	67
4716	713
2959	553
1691	349
1691	225
1691	714
1091	552
5094	715
2181	336
1462	184
3203	216
2438	716
5922	717
1450	718
2384	349
4901	134
4901	719
6001	720
6001	272
6001	721
442	720
3275	5
3275	47
3010	183
3275	276
3010	276
3010	504
1815	478
6021	607
1153	128
1153	354
3706	45
3706	3
6202	269
6202	60
192	577
192	722
5680	723
3254	724
1145	498
388	725
5384	224
1919	726
1357	217
1636	15
1633	492
1628	727
1628	728
1627	490
1627	491
1626	729
1623	182
1623	128
1623	24
1623	594
1861	119
1861	438
1623	730
5021	246
5021	731
1863	22
4918	732
1849	733
1850	449
1850	5
1850	183
1850	368
1850	578
1850	734
3812	214
127	735
3812	87
937	34
937	736
937	737
4918	738
5687	634
1595	739
1341	567
1341	217
2044	483
515	740
151	741
151	742
153	743
154	351
3473	97
149	216
146	24
4127	744
2662	354
4321	68
6209	745
4441	746
988	222
988	336
5810	471
5810	747
2203	289
2203	40
3544	45
2268	748
2267	116
3137	321
4170	95
778	152
778	749
4779	335
4779	102
4779	257
4779	407
4779	325
4779	336
4779	223
359	369
489	134
325	93
325	271
4638	276
978	750
1413	400
2952	88
3935	468
3935	565
3935	183
3935	118
5525	512
3531	751
3531	752
3534	116
3534	5
2175	183
2175	276
5867	472
6130	512
6130	227
6130	753
6130	448
6130	421
6010	321
6010	217
4762	754
943	755
3685	756
1104	116
5251	200
1469	308
2801	731
3821	757
5108	117
5108	94
5108	634
2592	15
2800	15
2505	15
3459	758
5236	588
1889	190
1889	353
1889	96
5687	136
5136	151
5136	270
5136	650
2224	512
2224	217
5621	217
2343	449
2343	44
2689	205
2343	474
4302	672
6025	759
4302	760
1322	761
1127	227
4397	87
4397	3
2389	348
3286	374
521	762
521	763
5612	117
5612	136
6076	444
5841	94
3505	27
1782	152
4956	117
4956	136
4956	21
2282	44
2113	762
2113	763
1844	634
5464	117
5464	136
5951	583
1406	5
1406	335
1406	128
1406	325
1406	336
1406	223
5643	764
5091	136
3422	765
2251	766
5244	367
5059	117
5059	26
4886	685
4101	767
4101	68
425	768
4886	214
427	405
427	214
427	406
3591	321
6319	44
6319	117
531	769
531	770
4088	653
3590	771
3590	340
983	772
5822	512
5674	773
5573	117
5573	26
1675	227
816	774
2818	775
2818	725
2818	549
2818	776
2818	777
2818	778
815	246
815	27
1437	634
2327	692
3629	779
387	354
6266	354
2284	780
2606	781
2606	782
2606	783
2283	549
1285	68
1285	558
6361	3
3527	182
3527	95
3644	496
4464	19
3789	583
527	784
527	785
4581	224
4581	206
3559	224
3559	206
3559	3
1578	134
4408	29
1578	786
3784	179
3784	787
3784	788
530	15
5223	68
4542	29
859	660
2343	29
2207	569
225	789
5712	790
1954	385
1444	97
1444	474
1444	270
1444	475
437	3
224	29
4673	134
4426	791
31	692
2689	507
3643	792
1501	89
5035	89
6359	27
6359	474
6359	167
6359	793
2220	184
6359	650
189	24
194	706
196	95
197	102
197	394
198	478
199	103
200	595
204	341
207	794
3693	795
3691	3
3690	206
3679	471
3602	216
3602	45
3680	321
3601	796
3610	271
3610	97
3612	93
1123	271
1123	245
1971	797
1971	217
4612	29
5824	798
4427	794
4427	799
4427	214
4427	28
4427	800
5959	29
5089	134
1271	801
1271	128
3426	552
3393	216
3393	45
3393	3
263	802
346	367
1109	367
2362	200
1109	760
3067	28
1899	577
1899	28
5398	128
2085	95
264	803
264	804
994	104
994	321
2688	731
3588	427
5633	805
4641	98
299	289
3224	95
3224	37
3489	806
1009	321
3647	243
3556	807
3554	385
3552	454
4323	205
3548	428
3548	808
4323	93
4323	504
135	53
5730	809
5730	521
6042	227
6042	809
6042	521
6042	426
6042	448
356	95
125	521
3674	15
3659	15
3636	308
4587	95
5108	95
3721	810
3580	269
3577	2
3565	811
3545	427
3545	95
3524	812
3521	437
3521	813
3701	512
3701	195
3572	720
3572	272
3572	28
5578	87
3741	87
4981	87
3782	272
3782	429
3800	814
3827	552
4253	815
4253	3
3678	457
3723	744
3720	816
3720	560
3717	27
3716	24
3704	341
3700	441
3700	363
3700	616
3700	817
3698	818
3698	819
3677	87
3677	777
3668	820
3662	44
3661	821
3661	822
3658	15
3657	761
3654	823
3653	824
3649	825
3649	826
3649	827
3639	298
1146	216
1184	28
4000	216
1184	828
3632	134
3632	521
3627	449
3627	712
3627	351
3627	829
3589	24
3587	814
3585	830
3583	60
3573	831
3568	832
3539	94
3530	152
3523	44
3522	833
3499	27
3497	93
3497	578
3496	834
3512	835
3740	836
1222	238
3747	3
5658	134
3748	371
3756	578
3758	837
3758	217
3752	243
3766	368
3765	428
3765	808
3771	838
2265	522
3786	839
3791	102
3790	44
3795	741
3795	742
3797	840
3799	3
3799	30
3799	817
3799	841
3804	436
3806	217
3807	842
1274	45
3809	601
3810	385
3811	428
3815	308
3817	792
3817	843
3817	844
3817	845
3818	846
2475	847
4566	15
4367	15
1264	15
5177	15
970	15
4233	15
4746	15
562	15
1502	15
5144	15
391	15
548	15
4405	15
6070	15
162	745
4652	779
3367	848
5268	849
609	850
3962	851
543	851
4599	67
4224	852
566	790
1632	853
1632	854
1202	496
6210	348
4258	104
4667	855
4667	856
4663	153
4663	857
4014	794
230	369
179	15
211	756
174	858
268	859
278	860
279	614
292	45
290	861
297	862
297	863
298	864
298	865
331	95
333	456
334	456
334	866
339	96
339	183
339	276
302	68
302	71
302	67
371	673
390	867
394	478
233	216
233	45
233	325
408	216
421	868
437	87
176	331
418	15
449	869
448	835
3828	116
270	870
453	871
460	68
467	872
455	98
455	95
474	93
474	24
482	583
475	583
479	93
479	271
479	272
479	97
500	134
500	873
506	874
481	843
481	875
518	95
1413	795
519	116
523	437
523	813
524	449
536	876
544	877
3819	116
554	45
556	878
561	221
561	879
524	5
511	134
571	880
581	291
581	881
581	882
2320	216
251	224
251	117
6289	116
4504	663
249	371
244	883
243	93
236	384
235	15
227	884
3006	116
224	93
224	385
224	37
223	149
1178	134
210	552
188	595
184	885
387	886
6266	886
4230	269
177	887
173	134
172	428
166	27
1515	269
2066	888
165	889
164	246
164	890
159	147
159	518
159	519
158	620
266	583
1193	269
72	269
5260	269
4791	886
395	891
395	663
286	465
286	892
289	68
293	893
5705	886
294	894
304	895
304	896
305	897
306	457
3182	886
308	798
2109	269
308	595
309	898
309	899
2246	886
321	3
322	552
335	586
1017	888
344	151
335	900
353	521
698	269
5899	836
368	720
810	836
1060	134
598	269
401	134
403	901
403	567
403	217
405	862
405	902
413	903
419	129
431	904
433	583
1219	134
436	905
440	27
440	620
450	906
450	907
452	87
457	628
4256	886
457	908
461	909
2181	910
468	116
468	634
478	558
494	341
494	149
501	520
501	911
504	272
5867	886
2454	269
505	606
507	912
494	913
513	24
1676	886
514	914
2920	216
525	915
526	731
537	27
537	620
537	916
1675	886
540	321
540	227
540	567
3708	886
203	269
538	835
540	217
540	426
540	421
541	917
545	918
551	919
551	894
3796	269
559	44
559	93
559	920
563	672
570	3
560	152
573	129
574	675
403	269
575	298
575	921
575	594
576	922
4816	891
4816	289
4816	663
4504	891
4504	289
4819	24
4819	923
2710	886
6227	151
6227	857
6227	3
6227	270
5612	27
5612	920
5725	720
1700	87
4940	878
2721	924
4688	45
1103	886
4162	45
3099	553
1781	756
4772	925
2928	824
5185	926
3430	626
1644	927
5185	68
4263	928
5710	926
1604	929
1604	930
3983	432
1608	269
1977	931
5151	932
1804	321
156	216
2601	756
2877	53
2747	344
2878	93
2856	933
2832	94
1019	886
2646	934
2591	628
2651	116
6378	719
6378	935
2474	936
2657	234
2665	570
2666	937
5649	935
1059	15
2694	938
2667	15
2714	412
2723	521
4117	15
2755	134
2755	361
2755	939
5149	136
2822	68
2837	940
2959	371
3358	269
3401	886
3503	936
2638	941
2630	941
3648	371
2629	894
2626	942
4295	269
2708	15
2621	512
2614	27
1766	269
1687	269
2350	269
2210	886
2173	886
2136	269
2600	607
2600	24
3187	943
2597	94
2590	24
2589	27
5751	371
5272	15
2644	521
2647	833
2648	444
4969	15
2674	128
2060	371
2681	3
2682	321
2691	944
2692	944
2698	945
2701	128
2701	594
1511	269
2709	28
2705	276
2711	27
5924	216
4479	269
4773	269
1273	269
2716	196
2717	946
2711	620
954	134
2719	947
2720	348
2724	948
2724	785
1447	269
2725	15
2725	949
2726	444
2726	478
2731	836
2732	96
2732	950
2732	289
2736	93
3189	3
2741	578
2741	706
3482	951
2751	952
4269	269
2756	217
2757	639
4352	269
1442	953
2750	706
1339	886
6280	269
840	269
840	886
2759	24
2759	426
2760	954
2762	955
2762	956
2762	957
2762	958
2764	790
2765	341
2766	152
615	16
1777	3
4430	385
2769	271
2770	27
2770	894
3821	951
3821	959
2775	94
4302	959
2785	28
2786	308
2786	960
2786	749
2786	961
2794	28
2799	5
4677	385
2809	3
2813	3
2815	962
6217	886
2817	179
2817	606
2821	214
2823	963
2824	964
2824	965
2828	966
2830	967
2831	5
2835	968
2840	24
2843	103
2841	246
2841	68
2847	217
2847	28
2847	426
2847	448
2847	421
2851	93
2859	758
2859	969
890	970
2861	971
2861	94
2862	919
2863	972
6337	843
6337	875
2864	134
2864	973
2864	919
2866	735
5501	595
1281	367
5319	110
5319	475
935	197
935	68
5526	363
5507	28
5507	466
4476	381
4476	470
4815	950
4815	151
348	95
4815	270
4815	650
808	974
3959	136
3959	634
4718	272
4718	68
1711	95
4888	975
4718	372
4718	96
4718	97
4718	563
4889	27
5441	976
5441	945
2018	355
5528	569
5528	930
3023	331
2107	88
2107	28
5691	27
2070	594
1102	28
347	594
1081	594
1095	276
1105	336
1106	903
5335	977
5335	978
963	367
5162	129
2341	979
856	473
5102	980
1354	297
4466	87
966	981
1201	594
1983	68
1983	190
1983	353
1983	93
1983	96
1983	272
1811	45
6107	216
2523	936
5566	29
1327	982
4603	983
4603	307
1232	984
1300	298
1300	985
6088	986
6088	27
3090	134
3090	987
5286	988
1778	341
1231	116
1231	989
2893	648
2893	896
1377	344
1376	344
1376	532
5061	990
5288	661
865	216
865	45
1295	195
4972	128
2931	24
4058	5
4058	325
4058	214
4058	991
2190	134
2190	128
5936	46
5936	165
3026	28
3112	28
910	28
1214	28
1255	44
1255	134
5616	321
3994	577
5159	852
4549	992
1667	993
1165	994
1158	380
1158	995
5944	535
4842	717
4835	116
3290	148
928	93
928	134
1683	648
1683	649
1683	896
4136	21
6289	996
6289	997
3343	998
3303	88
3297	534
3295	573
2525	999
5702	1000
4445	365
4677	586
32	586
32	1001
1982	1002
105	369
108	422
93	218
106	835
91	1003
88	231
88	1004
86	923
84	1005
83	116
81	87
81	11
67	82
76	278
66	151
66	87
66	82
66	270
66	214
61	798
61	595
6029	95
57	1006
57	1007
1428	319
1428	568
1428	521
5521	605
5521	606
1522	3
411	58
1685	960
1685	68
4765	843
4736	512
4736	448
3031	1008
3031	679
3031	1009
3928	3
1576	976
6382	692
2450	27
2061	134
2061	151
2061	3
2061	270
1674	1010
1425	214
5622	214
1807	152
1807	340
1807	24
1697	116
5761	808
1839	1011
1839	1012
1591	1013
1714	1014
1855	1015
1855	95
1855	1016
1818	1017
1840	321
3570	34
1872	95
2732	29
1769	478
1597	586
4466	29
1717	95
1658	755
1658	1018
1658	1019
1653	1020
1652	1021
1642	706
1642	47
1617	1022
1612	27
1612	1023
1612	476
5258	29
1600	54
1600	55
1599	134
1589	1024
1588	1025
1671	1026
1671	54
5081	29
1672	27
1672	87
1677	1027
1677	1028
1682	1029
1684	808
5367	21
1688	1030
1693	746
1699	47
1704	134
4269	29
1707	929
1706	1031
1706	1032
1712	1033
1713	1034
1715	128
1722	111
1722	640
1723	15
1724	578
1724	1016
1726	534
1735	424
1739	93
1739	96
1739	27
1749	134
1750	1035
1750	1036
1753	554
1756	790
1759	1037
1759	1038
1761	586
1768	95
1774	3
1787	5
1787	27
1787	385
1790	116
1791	607
1793	775
1797	152
1799	679
1799	50
1800	1039
1800	1040
1802	1041
1802	340
1810	577
1816	53
1816	1042
1824	1043
1826	1044
1828	88
1828	24
1830	307
1844	93
1844	21
1844	26
1871	1045
1880	22
1738	550
2237	1046
5101	68
5101	28
5110	341
5106	3
5099	216
5098	96
5098	47
5093	595
5092	1047
5088	3
2935	348
4582	1048
4694	1049
5458	1050
4695	151
2403	588
4871	843
4871	1051
3191	1052
3190	1053
3190	1054
4999	30
1279	28
1136	1055
2915	152
2915	17
4296	573
772	68
772	1056
5411	926
2561	93
2561	47
4636	272
4636	960
4636	68
5240	217
5240	24
5241	913
5242	1057
6259	554
3395	926
6125	1058
5556	1059
3362	183
5874	1060
3389	1061
3389	1062
2037	349
2037	119
2037	322
2286	512
3166	1063
3163	1064
3943	269
3391	28
4858	795
2796	60
2796	242
2991	1065
3054	672
3044	1066
3040	552
3037	381
3037	595
3033	1067
3029	1068
3021	912
3018	1005
3015	116
3015	93
3015	271
3015	427
3015	95
3008	1069
3008	843
3005	1070
2999	720
2997	1071
2994	1072
2993	672
2990	799
2988	227
2988	1073
2987	28
2983	224
2983	94
2979	919
2979	1074
2978	45
2977	1075
2976	15
2974	16
2974	476
2967	711
2963	638
2960	37
2958	1037
2958	1038
2954	1076
2948	894
2946	134
2941	791
4037	95
2929	321
2927	216
2927	1077
2921	95
2916	1078
2911	93
2908	471
2905	1079
2901	214
2899	993
2894	794
2891	149
2889	1080
2889	1013
803	214
2888	441
2888	3
2888	702
2888	28
2886	841
2884	1081
2886	68
3056	111
3057	213
3057	18
3057	1082
3062	1083
3064	776
3060	527
3072	119
3073	224
2098	29
3124	29
3070	1084
3092	1085
3093	437
3093	813
3094	436
3094	437
6308	308
3194	1086
3194	1087
3193	15
6146	224
3315	290
1169	224
3320	672
3311	1088
5516	95
5516	989
2193	321
2193	989
2513	542
2513	778
4587	224
4545	217
1526	618
4675	706
4675	1089
5628	224
4719	98
4719	427
1084	555
1053	116
1399	549
1556	381
4879	966
4879	307
2941	224
2311	928
4947	1090
3119	1091
3119	634
1516	916
5583	134
5727	15
4312	15
825	15
5059	224
2938	550
4891	3
4891	91
5921	1092
5931	224
1914	224
2478	216
2478	3
6384	1093
5602	116
4240	104
4240	1094
4240	341
1280	224
5615	875
6240	25
1460	679
2149	24
5113	27
5113	620
5113	1084
4956	93
4956	271
4956	95
1069	456
4948	1095
6068	953
6074	116
6074	322
4869	341
5186	1096
5186	1097
5163	1066
2204	1098
6112	1099
6112	1100
2476	819
5519	298
3346	1101
5429	195
6044	795
1023	635
5376	1102
5985	860
5986	1103
4087	500
819	1104
5032	588
1220	93
1220	27
3079	21
4882	73
2484	1105
5222	577
5220	195
5219	1106
6113	134
5215	1107
5215	1108
5215	1052
5204	466
5203	375
5200	15
4744	594
2490	428
2493	955
2493	465
2496	272
2497	24
2499	1109
3588	29
3208	28
3207	224
3207	95
3201	507
3200	94
3197	852
867	1110
4054	134
3597	312
869	929
1939	456
1936	1111
1934	945
1933	276
1931	321
1928	552
1925	983
5913	29
1918	91
1916	216
1913	1112
1912	1113
1908	1114
1907	706
1904	95
1373	685
5154	134
1900	1115
4059	1116
1888	1117
1888	594
5389	29
1953	134
1955	818
1955	819
1956	552
1959	68
1962	552
5201	216
1969	84
1973	24
1973	421
1974	371
1965	5
1979	1089
1992	5
1992	276
1998	128
1999	879
1999	1118
2001	427
2002	1119
2010	699
2033	216
4002	94
6184	69
6184	1120
2077	1121
2077	1122
2191	45
3135	39
2031	569
2031	930
3498	512
2183	412
2182	367
1828	328
3419	27
3419	128
6315	134
6315	304
5916	1123
5871	1035
5871	1036
3952	15
2258	1124
1828	128
5835	242
1828	1125
6139	321
2117	246
2117	341
2117	217
2117	421
3369	385
1182	3
1828	936
3949	428
1340	116
1340	271
2565	93
2565	706
2565	634
4925	637
947	104
947	755
947	1126
947	1018
6137	28
4208	87
2187	179
2187	96
3186	116
3214	28
3332	331
3222	1095
3218	1127
3472	660
4579	553
3285	614
3283	368
3282	535
3278	28
3277	217
3276	15
3267	1128
3245	544
3237	839
3234	528
3248	242
3221	1129
3221	93
3221	134
2185	134
3209	24
3188	1130
3187	91
3181	128
3181	371
3171	449
3176	1131
3169	68
3154	1132
3154	305
3176	1133
3176	836
3150	791
3150	224
3150	60
3144	111
2372	216
3140	152
3138	496
3133	385
3130	217
113	216
3129	1134
3110	479
3110	1135
3108	27
3109	243
3106	28
3326	825
3326	826
3326	827
3351	1136
3352	1137
3340	583
3359	381
3359	28
3373	271
3380	321
3380	857
6050	216
3381	330
3386	216
3392	272
3396	769
3396	1138
3396	770
3396	1139
3396	1140
3396	1141
3396	1142
3396	1143
3396	1144
3396	1145
3397	1146
3402	535
3399	87
3399	68
3405	1147
3417	134
3418	82
3423	361
3423	362
3424	640
3428	15
3429	367
3432	1148
3437	134
3437	687
3441	15
3445	308
3447	1149
3447	1150
3453	3
3453	1151
3453	217
3453	421
3457	894
3458	1152
3461	1153
3461	1154
3467	321
3466	1002
3469	26
3471	1155
3477	972
3469	5
3469	172
3483	1156
107	134
4721	1035
4133	559
4133	1157
4911	349
4911	348
1338	322
4803	648
4042	134
5832	5
1038	278
4975	521
2433	16
2437	436
4712	577
1414	1158
2377	1159
2358	1025
1002	321
5979	586
5575	1160
908	1161
5331	216
908	1162
4831	128
4830	1163
2787	216
5992	847
5045	216
4285	216
5193	638
5192	45
5192	1164
5191	269
5188	321
5187	653
951	1165
5865	96
5978	3
5978	1166
5866	15
5757	1025
5757	1167
4089	116
1545	456
1545	393
324	45
4516	1168
6335	1169
2407	1169
4742	278
4421	1170
2104	27
2470	284
5283	45
4895	1171
4895	1172
1335	1173
1335	54
4843	134
4356	1174
4413	1175
4823	1176
4823	775
2508	1096
2514	421
2458	214
2530	3
4862	552
4778	552
1081	3
4546	119
4546	93
1272	535
1201	3
2789	1177
2789	1178
4828	1179
1179	242
1620	214
2166	455
4727	369
4562	1180
1384	238
5547	428
2335	1181
1596	3
2416	3
2214	1177
2214	305
5294	1182
828	929
5153	271
5153	272
5467	136
4994	687
4994	1081
4994	688
4994	1106
4989	825
4989	826
4989	827
461	559
4985	578
4953	15
3470	1183
5524	1184
2558	1185
4295	227
2264	22
2222	87
1115	3
5834	3
4424	15
1362	3
1362	152
4564	3
5844	48
5536	91
1430	1186
1115	152
1766	760
4225	1187
4113	1025
4509	385
881	385
3993	1188
4061	1189
4061	1190
1288	723
6369	272
6369	68
1369	766
1369	3
4385	521
5848	216
2103	1191
2103	68
2103	841
2039	1192
2174	322
2221	116
2106	1193
2459	990
2379	325
2124	119
2124	93
2406	478
2328	1125
2328	24
2340	1194
2580	1195
2580	1196
2580	1197
2572	764
2578	290
2578	291
2270	993
6014	134
2259	289
2259	1198
2259	1199
2257	27
2257	920
2256	1200
2253	289
2253	17
2245	27
2236	1031
2235	128
2234	134
2228	618
2228	1201
2223	246
2213	271
2208	1202
2206	168
2206	1203
2195	1204
2194	96
2192	45
2176	523
2172	1205
2169	1206
2169	363
2165	128
2162	68
2156	627
2153	1163
2148	584
2146	348
2137	1123
2136	901
2136	567
2136	217
2125	93
2122	24
2118	1207
2118	1093
4095	21
2110	512
6238	1208
2108	93
2105	428
2102	93
3611	21
2096	1209
2092	962
735	21
2099	152
5427	116
2087	367
2080	15
716	1210
2079	1211
2078	367
2078	341
2076	1212
2078	706
2075	653
468	26
2071	216
2071	1077
4397	29
1482	21
1147	116
142	116
2062	1213
2051	1035
2051	1206
2051	1214
2049	1215
2059	900
2045	96
2032	586
2030	466
1338	21
1338	26
2015	416
2001	29
2013	1216
2278	894
2280	152
2287	580
2290	27
3082	1217
2301	1218
1554	29
2308	27
2308	916
2308	620
2313	27
2313	15
2315	1219
2323	388
2326	893
2334	151
2338	11
2338	60
2342	1011
2345	1220
2337	321
1885	565
2348	371
2357	128
2360	226
2360	354
1885	96
2366	521
2373	341
2373	1221
1885	1222
2380	321
2381	83
2980	17
2382	789
2392	1223
1282	17
2394	28
4400	1224
2395	428
2395	808
2411	246
2421	1225
2425	88
2425	466
2451	87
2453	15
2457	653
2451	82
2462	3
2467	1060
4918	1226
2479	729
2503	6
2506	15
4658	95
2535	962
2536	1227
2539	282
2547	1228
2548	940
2549	887
2552	1229
2554	45
2555	1230
921	468
2567	661
2566	276
2571	341
2571	222
1792	95
2575	968
2583	291
2583	881
2583	882
1167	328
6243	1176
5291	1231
5291	945
663	216
6327	588
4462	657
4825	634
5114	444
5114	478
5114	554
5114	1043
5751	507
5006	93
5006	134
5006	1173
5006	1232
5029	19
5630	1227
5265	104
5265	530
6146	1111
4922	1233
5143	986
5143	27
5143	3
5143	507
912	24
1243	224
5969	1111
870	1111
5253	591
2250	1111
5257	276
5293	1234
5434	638
5434	3
5434	1235
5385	168
5385	1203
4379	303
4379	1111
4170	1111
5908	168
5513	168
1217	168
4587	303
746	216
4129	381
4129	214
4129	28
4587	1111
5243	989
5249	1236
5108	224
2025	1111
5256	15
5258	3
5258	719
5264	535
5273	15
5275	471
5283	216
3614	1111
5282	398
5290	577
5290	27
5292	1237
3387	303
3387	1111
348	1111
6029	1111
4037	224
5296	744
5300	1238
2083	224
5303	404
1463	1111
6251	303
1792	1111
4482	1236
1866	85
5181	776
3508	1111
5175	620
5174	577
5174	466
939	1111
2047	303
5175	1084
1147	1111
5167	342
5166	1239
2267	1111
5156	544
5148	1240
5148	1241
5148	1242
3534	1111
142	1111
5147	97
5147	134
5147	238
2617	303
3690	303
5139	1243
5138	1244
5138	47
5134	217
5126	1245
5125	3
5123	544
4563	1111
5119	577
5122	152
5115	1246
5111	583
5083	221
5083	879
5078	552
518	303
5077	15
5074	93
5072	87
5069	15
721	95
2651	1111
1231	303
5058	128
5055	87
5052	45
4835	1111
5049	583
3296	552
820	1111
83	1111
5047	28
5046	594
5044	1025
5043	289
5039	1010
1697	303
1855	303
5031	1247
1717	1111
5023	1035
1790	1111
5017	1248
5012	27
3015	303
5011	1249
5010	15
5004	152
4996	465
3015	1111
4982	713
4980	919
2921	1111
4965	577
4963	731
4963	336
4960	1250
4951	1251
4949	919
5602	1111
1904	1111
1340	303
4935	1252
3186	1111
4924	686
4913	206
5860	1111
2221	303
4913	1111
4907	1090
4906	93
4905	45
4906	711
4899	92
4899	68
1503	1111
4894	500
4893	152
4583	93
5059	303
5947	1253
4666	152
3931	855
3931	856
4720	1035
5059	1111
5955	1036
793	45
793	501
6024	224
5910	1254
1066	303
4668	27
4668	15
4557	1255
4488	1256
4467	93
4467	271
4467	272
4467	68
4615	116
4615	224
4615	119
4615	322
4723	759
785	1111
1119	303
4500	269
4500	24
3839	93
3839	271
6358	271
4533	1257
1080	843
958	1163
3836	87
3836	1258
5494	815
5818	1259
3963	661
4142	1111
1917	15
6394	1111
1923	39
6089	1260
1923	706
607	216
6100	224
18	68
18	71
728	216
5112	271
5112	1261
1240	1111
3508	95
5983	224
3641	428
1192	1111
3178	93
3178	173
3178	47
4104	128
1355	367
1355	71
4483	71
2650	28
1306	217
1306	1073
1306	448
1306	421
5464	44
5464	991
5464	920
621	134
787	1102
3002	87
3002	82
3783	87
2202	595
4357	507
2737	134
3027	276
4528	87
3125	472
1980	444
3651	496
3651	237
2677	45
3586	162
2945	134
2945	725
1503	116
5250	754
5250	1262
2142	1263
2141	15
5140	242
1746	1264
1746	1265
6322	93
5613	552
492	5
492	172
1836	134
1836	552
5131	116
5131	96
5131	97
5131	134
5131	1078
1471	44
1471	134
3942	40
1471	111
1471	304
85	1189
85	1190
1099	312
3929	512
4753	617
4753	429
4158	134
4158	384
5091	119
4510	217
2907	128
2907	466
1062	357
1062	358
1062	1022
762	95
5726	45
5829	1266
2060	507
379	1267
3808	1268
5059	116
5059	322
5059	188
4564	152
1639	239
3493	1269
3731	521
3731	567
3731	753
3731	426
3731	448
3731	421
3734	15
3736	504
3737	1270
3737	1086
3738	1271
3082	554
2354	134
4475	27
4475	15
1487	901
1487	93
1487	21
1852	1272
3823	1067
6140	319
6140	354
6024	116
6024	325
6024	1273
4617	5
4617	98
5638	577
5855	116
4795	1274
4207	5
5907	432
5906	15
5930	28
1852	1275
5923	1175
5917	468
1464	618
5917	97
5917	341
5914	95
5913	1078
5910	428
4493	1084
980	28
5957	200
5954	1266
5953	438
1111	549
5952	673
5537	510
2747	698
5946	1276
5945	87
5505	371
2747	1277
5964	269
5977	422
5995	421
5991	730
56	1272
5996	246
5989	1278
5989	907
5981	1279
5980	706
56	1275
56	1280
6022	476
6019	685
1656	698
6018	96
715	134
6013	15
6011	711
6008	1281
6005	1282
1656	344
1656	1277
6036	26
6035	835
6035	93
6035	578
6034	798
6034	595
6032	640
6030	1283
1579	786
3884	354
1581	1284
5943	375
5941	341
5940	152
5931	206
2892	87
2892	325
4537	441
4537	616
4534	276
3318	698
3318	343
1066	116
1066	322
3318	344
4642	785
3318	1277
4646	1285
4648	803
4648	804
3313	698
4643	785
3313	344
3313	1277
1114	1191
5212	343
1064	15
4525	1193
4723	224
5217	1286
4733	12
4741	15
4832	478
4833	1287
5217	1275
4840	685
4844	1288
1496	152
1498	195
1505	1289
1507	512
5939	340
1893	698
1893	343
1893	344
2544	706
2544	1290
2544	504
1893	1277
1518	375
1523	47
1528	45
1530	641
1531	15
4440	172
766	372
766	9
1229	471
785	116
3488	698
2595	1291
2595	1292
3488	344
6237	239
4827	1293
4829	308
3488	1277
4845	27
4845	412
4849	789
2833	953
4855	628
2056	791
1169	791
4478	95
4474	521
4765	627
2030	577
5942	1294
4771	45
4716	1295
1850	1295
154	1296
4768	549
4547	992
4550	1297
3527	1294
4755	28
4759	128
3504	257
4323	1294
4422	929
524	1295
4517	1163
5308	698
5308	344
5308	1277
1844	1294
1168	119
1168	93
1168	634
1170	480
1170	481
1175	3
1176	421
1936	791
1262	27
1263	1298
1014	698
1188	1299
1014	344
1014	1277
1267	134
4702	97
4702	369
4703	415
4705	96
4705	1300
4708	15
4710	128
6361	1301
833	1294
4710	913
5475	698
5475	343
5475	344
5475	1277
4714	586
4717	1266
2649	1301
1119	116
1119	1016
644	791
1120	468
1120	272
1120	68
1121	119
1121	438
1120	596
1437	1294
5705	153
5705	3
5705	1302
5705	1303
5705	1304
3412	3
3412	1301
5953	817
1154	39
1154	428
1127	1301
1162	149
1163	1305
1163	919
1295	1306
1286	224
1286	296
1033	84
1966	216
1806	1307
1806	1306
1223	894
6032	577
1226	428
2595	3
1226	808
3642	46
1176	1151
1198	468
1198	96
1198	98
1199	15
4293	68
4293	28
1206	706
1206	1089
1209	1306
4797	5
4797	880
4094	128
1459	331
1461	224
1465	217
1465	340
1466	367
1467	1308
2442	134
4227	1309
1468	151
1474	1310
1476	1311
4228	1309
1479	1312
1479	173
1490	791
1491	1313
1491	933
1492	794
1492	800
1495	1108
1495	1052
1426	84
1426	257
1426	1033
1439	1154
1440	1314
1440	1315
1440	1316
1440	1317
114	216
1449	929
4508	47
4585	868
4713	1272
4588	5
4588	68
4676	2
4679	28
4414	93
4412	128
4713	1275
4401	919
4401	1318
4623	3
4713	1280
1116	1286
4635	129
1068	243
1071	552
1116	1280
4745	3
4752	512
4559	512
4559	227
4559	448
4568	3
4569	465
1533	540
1533	541
1536	182
1538	93
1540	713
1560	321
1560	369
1571	1319
1573	1320
4653	5
4653	325
4656	459
4408	134
4657	1321
4657	1322
4662	558
4121	367
4497	1025
4484	95
1130	39
165	829
1139	15
1140	27
1145	368
1145	324
1145	96
1150	195
3841	1323
2047	95
4471	93
5463	112
3908	17
4604	422
4825	829
4448	28
4446	330
4442	1091
4442	634
4607	1063
1696	184
4790	1250
4047	829
4614	706
4804	152
4804	963
5787	829
4805	1324
4806	436
4813	1325
5323	1323
4873	363
4878	575
4878	736
4878	1326
3084	1327
1248	1328
1250	26
1256	369
1258	28
4856	1329
4461	992
4459	1330
4781	1206
4781	363
4781	1331
4784	719
4784	731
4784	476
4784	477
4784	621
4456	221
4784	916
4792	93
4793	886
4577	276
852	97
852	369
1368	367
1375	1332
1314	1333
1314	713
1317	938
1318	929
1319	44
1324	1334
1302	1335
1309	1250
4105	151
4106	3
4106	1336
4107	312
4122	1337
4122	1338
4122	1316
4124	367
4120	152
3593	1339
4201	1340
4203	919
4203	894
4203	917
4217	134
4217	365
4218	1341
4281	1342
4283	444
4283	875
4288	860
4292	152
4299	95
4139	348
4140	367
4142	116
4145	1343
4151	1344
4151	1345
4153	1346
4313	308
4318	93
4318	929
4325	1236
4329	1236
6285	15
3420	375
6292	27
6293	367
6298	916
4270	1283
4175	1347
4182	9
1231	375
4183	116
4187	1348
4187	1349
4187	1232
4189	93
4232	128
4239	325
4239	1350
3618	216
2193	375
4249	580
4242	276
4383	93
5243	375
4377	381
4377	470
4381	325
4190	595
4194	685
4078	1351
4077	496
4094	577
4096	93
4099	1352
4102	1353
1386	129
1392	24
430	886
1400	27
1404	1354
1396	692
1407	605
1409	1055
1409	426
1410	341
1411	541
1748	354
1418	321
1415	71
1416	27
1419	786
1419	1355
4350	91
4356	428
4356	128
4356	354
6346	1225
6350	466
6304	1356
3058	354
4279	276
6314	1357
6317	239
6328	844
6329	1358
4159	1359
4160	195
4895	1360
4161	152
4168	808
6394	116
6394	5
6395	1361
6396	1362
6396	1363
6396	1364
6367	128
6375	5
6375	93
6380	1365
6380	1366
6381	569
1325	5
1325	93
1326	180
1326	5
1326	97
1326	15
6375	711
1333	276
1331	27
1332	820
1339	227
1343	152
1343	217
1345	1367
6102	216
1352	1151
1352	24
4626	134
1356	15
1359	93
1360	836
46	216
4334	1368
4334	1369
4334	1370
4334	1371
4334	1372
4344	24
4345	44
4345	93
4345	920
4304	544
4308	246
4310	128
6265	672
6267	867
6276	521
6278	152
6282	340
3909	971
3909	91
3909	1307
806	27
824	1067
827	28
829	3
829	1373
833	205
833	47
833	504
836	50
837	271
28	3
840	340
30	3
843	119
851	134
876	1374
877	217
880	3
882	289
884	674
885	983
885	640
885	1375
889	361
889	362
889	1376
889	1377
909	1378
981	16
981	731
987	1379
987	1380
993	82
1003	1381
1003	1382
1006	1383
1015	806
3837	1290
3695	11
3845	444
3847	792
3848	134
3861	1191
3862	1225
3862	783
3865	1381
3865	820
3869	1384
3876	1385
3905	93
3911	577
3912	577
3913	336
3914	294
3914	375
3916	95
3910	929
3920	134
3920	1386
3923	792
3925	269
3927	152
3936	276
3974	1387
3977	84
3978	963
3589	102
4008	93
4008	271
4008	97
5322	1388
5324	685
5324	341
5325	992
326	1389
5327	152
5333	512
5336	246
5336	661
5336	685
5343	95
5345	403
5346	720
5349	182
5349	97
5349	68
5359	656
5359	147
5360	586
5361	45
5349	929
5365	1390
5372	1391
5372	1392
5372	1393
5374	452
5382	1081
5389	96
5389	27
5395	227
3168	28
3168	466
5449	945
5451	403
5452	152
5452	128
5460	1213
5461	27
5461	61
5476	290
5476	291
5477	1394
1937	1395
5484	1396
5484	1397
5498	1398
5531	128
5531	24
5543	1179
5545	685
5545	148
5546	128
5546	466
5548	992
5553	578
5543	814
5559	321
5560	659
5560	1345
5566	82
5566	128
2078	3
5665	774
5570	152
5665	1209
5665	1358
5667	367
5670	1340
5681	749
5682	1345
5732	128
5732	354
5732	1399
5733	1400
5735	653
5736	706
5736	1401
5736	1402
5737	1403
5743	955
5745	239
5750	1404
5753	3
4472	1395
5778	955
5787	889
5798	93
5798	97
5798	276
5798	427
5800	1405
5854	217
5856	27
5856	1082
5864	128
5864	354
4553	27
5868	231
5868	1004
5869	21
5875	588
5877	94
5878	744
5885	1406
5887	1407
6075	1129
6078	375
6078	578
6093	3
6100	116
6104	1408
29	3
6106	894
6115	87
6115	476
6119	1005
6159	1391
6159	1392
6168	1409
6174	1410
6175	975
6175	782
6175	783
6178	1407
6400	22
4932	790
4932	1238
5488	1411
5488	1412
5317	195
897	1165
5409	129
5773	104
5773	1306
1421	3
898	128
898	152
1190	93
6190	1413
1552	27
6045	455
6217	88
216	1414
5775	465
1280	206
1280	119
5571	843
5571	844
6152	428
977	775
5634	93
5963	1415
6054	1416
5896	1417
6153	136
6153	21
5569	559
5470	1418
5470	1419
800	653
3999	3
6255	1420
6043	16
1294	1421
4012	661
6067	1245
797	1422
5492	1423
5815	1424
4041	606
5656	685
5414	126
4251	886
1736	424
769	322
5623	321
6198	5
5487	661
1240	116
864	269
864	68
864	28
767	93
1421	27
1421	1425
5371	152
5597	164
5597	3
4050	404
5652	116
5652	224
2390	5
6248	1426
6234	3
6234	1254
6151	1044
4021	831
6191	93
5584	1427
5771	128
5608	216
5510	593
5722	224
5722	26
5722	3
3951	1428
6110	653
6254	1429
5646	96
5646	929
6228	134
823	3
5983	98
5983	95
3897	1430
855	1151
5897	521
5709	1001
3889	1431
5417	216
5417	45
5595	512
5627	3
5661	1347
914	3
6196	1432
6196	1433
3997	512
5765	1225
5765	783
5378	756
3990	93
5598	687
5598	1081
5598	688
5598	1106
5419	1434
5714	193
6223	616
3844	932
5589	1435
3967	1074
5399	128
5904	93
4027	328
5777	955
1547	149
4022	93
4022	271
6216	578
5509	862
975	479
975	369
975	341
975	270
5431	321
5529	1335
5577	1436
5577	1437
5577	1096
5577	1054
5577	1438
3996	675
985	200
5471	744
906	1439
5490	148
5662	224
5894	93
5894	706
5894	1401
5664	349
4023	1440
3891	1441
1424	588
799	1442
799	1443
5383	653
5383	1444
5723	26
5723	3
6154	367
4043	919
3895	1445
3856	47
5619	1446
861	367
6046	341
5805	1447
4003	844
5629	134
3894	436
4034	128
4034	1183
4034	1448
4034	1449
5410	1374
6213	3
5780	441
5780	3
5780	442
5780	702
5574	843
5408	367
5599	465
6219	276
6253	1191
1192	95
4049	1450
902	846
4036	1451
775	860
775	1191
775	817
5316	3
5511	706
1093	1452
1093	1453
1241	577
1241	466
784	521
4005	1454
5601	246
4052	1455
1405	361
1405	1206
6049	381
6049	595
5443	398
5576	521
984	308
3885	744
944	27
944	128
948	348
944	638
6206	1039
6206	1040
6206	1456
6206	1364
5640	15
1036	210
1036	1457
1036	1368
5817	371
1284	894
3989	172
923	5
5579	478
874	128
6258	3
5468	341
930	1151
930	24
6201	963
4059	1458
3896	1410
4051	916
5902	246
5902	963
4660	1459
940	1460
5326	93
6215	371
4532	824
4307	182
4307	929
6192	224
1412	427
3852	298
3236	15
323	341
3853	216
2303	15
591	1461
5657	15
4291	15
2854	128
3824	368
216	1191
216	60
5266	149
2722	27
4460	1330
1721	574
380	341
1437	93
1437	26
5558	217
4024	3
5814	27
5379	3
5596	321
780	363
5635	28
1079	1462
5404	24
6066	27
6066	3
1525	1463
4177	87
4044	1108
4044	1464
4659	461
5655	87
1073	53
5715	1283
5645	1465
5706	706
5706	1089
5405	441
5405	442
5653	1313
5653	1466
5653	1467
5653	1468
5653	1232
5653	1199
5642	128
6252	1417
1000	128
5442	27
5442	134
893	1107
893	1052
4237	1134
16	27
9	102
5704	901
5704	448
2729	216
5704	421
5704	1469
5724	216
4867	134
2134	134
2438	134
1863	134
3544	216
2267	95
3286	216
5841	95
5244	21
4088	134
2818	134
3846	134
4426	95
2689	21
6359	134
193	134
1365	1470
4624	926
3507	134
141	134
4322	134
3725	95
3675	216
3707	134
3676	134
3573	134
3556	17
3539	95
2475	134
3156	1471
2538	634
1390	319
1390	29
2825	1472
80	29
80	808
80	1473
4125	3
5014	1472
1573	641
3309	17
4881	1320
3683	88
2670	3
2670	1474
2670	1475
5109	1313
4315	312
4542	45
3308	134
2087	1476
2118	3
1491	1173
4568	17
5058	1477
1296	17
4576	1093
4576	29
6384	3
6140	1474
6140	1475
6140	1093
4467	172
3667	312
4408	775
4408	725
4408	776
4408	1023
4408	777
4408	1478
4599	426
3578	1329
3384	811
387	92
6266	92
387	82
6266	82
387	1479
6266	1479
907	5
5641	5
3787	151
3238	151
3787	412
3238	412
3561	1266
4408	5
6052	618
1425	87
5622	87
4850	39
3520	27
3520	111
1916	45
3169	1302
5048	818
5937	134
1133	1480
767	1302
1851	1481
5070	1481
6101	270
1610	31
2780	39
734	1482
683	289
1587	729
223	1483
400	227
1232	217
1232	426
2916	1484
1601	289
1932	1485
1973	217
1973	426
2514	567
2514	217
2514	426
2196	1281
5913	1484
5995	217
5995	426
4847	45
1275	1486
4350	88
6063	88
3984	969
5579	1482
6235	88
5323	1483
5323	771
5323	1487
3051	675
3051	1488
5444	1389
4943	1388
3632	1489
401	1489
1313	216
2264	372
5111	1490
5111	1491
4718	1492
4563	206
1726	966
6310	966
2515	1493
4337	966
2316	1494
3311	1495
2197	1496
2376	1497
6390	1495
296	95
324	216
411	1339
422	95
481	1339
251	95
344	134
450	1339
517	134
547	95
4688	216
2170	216
4162	216
2733	134
2733	216
2878	134
2832	95
2605	134
2597	95
2707	21
2775	95
2823	139
2861	95
4889	134
5691	134
3264	216
1811	216
6088	134
1231	95
5936	216
6289	95
820	95
83	95
5699	134
2450	134
1697	95
1840	134
1805	216
1641	449
1672	134
3014	95
2983	95
2978	216
2966	1498
3068	95
4887	134
1053	95
6124	1499
5602	95
6074	95
3200	95
1943	1500
6124	214
1910	321
4002	95
2191	216
2258	134
1340	95
3186	95
3455	95
5650	607
3151	216
3144	134
3108	134
5832	95
2432	1501
2352	134
5192	216
4089	95
4457	134
4359	134
4561	95
4416	134
1542	134
2192	216
2132	134
2119	134
2111	134
2332	216
2334	134
2347	95
2383	134
2468	134
2542	134
2563	134
2570	134
5029	134
5143	134
5434	134
5287	134
5289	139
5299	95
5145	134
4913	95
4905	216
793	216
4357	134
2677	216
3192	216
5726	216
3823	134
5537	134
6022	134
6038	216
4643	1500
4731	1502
1506	216
2595	134
2595	216
4847	216
4771	216
4553	134
4524	134
1274	216
1286	95
3642	216
1461	95
1533	134
1557	95
4784	134
4142	95
4325	134
6298	134
4239	1503
4193	134
6391	95
1333	95
4346	134
812	95
3866	134
5759	216
5851	134
5877	95
6082	134
6115	134
6124	134
5580	134
1552	134
6128	95
6207	95
6198	95
6047	216
5652	95
1082	134
5406	95
6110	134
5447	216
3888	95
1544	216
6193	95
982	216
4110	134
5432	216
5804	134
5919	216
5902	134
5905	134
6066	134
1861	436
6098	1476
4576	354
2806	190
439	1504
5768	1505
2185	304
2509	775
2509	725
2509	776
2509	1023
2509	777
5762	421
2916	32
1533	542
2262	190
1192	1295
3890	1035
6066	775
6066	725
6066	776
6066	1023
6066	777
3715	1506
2154	614
266	535
1366	565
1366	1507
2425	1508
1980	478
5639	614
2178	224
2227	348
313	595
1728	595
5990	1325
5487	916
1195	1508
3506	1509
2753	216
2855	1510
1594	1111
5271	1509
5108	47
6092	91
4787	17
5000	134
5000	731
6251	26
239	21
1425	466
5622	466
2814	1151
2384	21
2946	128
6023	5
5271	319
3767	1511
3609	1035
1745	17
3744	17
159	407
1617	426
596	93
2037	21
2765	369
4889	93
3223	1512
4273	1513
4125	39
4576	369
4576	568
3176	1514
2477	14
2143	17
2361	223
2468	1515
4412	29
1297	17
5123	836
837	17
2544	136
2544	1516
769	21
5736	136
5736	1516
4659	21
3258	312
3394	128
1641	916
5192	1055
793	647
2595	1055
5532	1517
3637	1151
6166	1283
5039	428
1173	1025
1831	27
5038	27
4365	27
6214	1151
4020	27
5402	1518
3335	1518
2482	1518
3146	1518
2546	1518
2827	1518
387	1518
6266	1518
5697	304
6135	82
6135	1519
3557	1518
4143	3
4449	776
3333	82
3333	1519
4334	732
4334	1520
1694	1519
66	148
2450	3
5844	1518
175	428
175	647
175	1167
23	40
2995	40
2995	1521
2700	40
6204	118
3449	71
12	71
2198	40
1705	68
4319	40
907	475
5605	243
5599	1522
5434	157
245	71
187	31
6387	31
5796	107
5641	475
3265	31
944	157
3063	97
2127	184
4970	97
4970	563
4970	597
4458	525
1990	17
3964	252
1905	252
359	400
5534	400
3814	549
2906	110
2906	475
2362	400
3243	400
5741	17
5020	400
4007	17
1160	269
4958	400
1287	17
4033	17
5789	400
426	243
426	475
6383	110
6383	243
6383	475
5717	242
5717	110
5717	243
5717	475
3541	97
6172	71
3377	527
5703	110
5703	243
5703	475
2473	31
1618	1
6371	96
6371	97
6371	331
747	1523
5407	372
5407	563
5407	596
5407	1524
558	97
63	1084
392	1525
392	98
4210	269
558	498
558	411
3390	242
1145	411
1622	535
1860	926
3555	634
4779	197
5237	243
2327	1525
2327	98
31	1525
31	98
6025	276
3523	461
3523	97
3790	461
3790	97
3811	808
2645	31
524	68
524	172
158	1084
145	276
354	926
363	711
366	257
366	1033
440	1084
537	1084
2711	1084
2770	835
4718	597
1103	340
2796	110
2796	243
2796	475
3918	835
1965	68
1965	172
3349	27
1362	17
5860	116
2073	428
2073	808
2308	1084
2336	276
1885	468
921	565
921	96
921	1222
5282	1305
5282	585
161	1111
5427	1111
512	428
512	808
1353	428
1353	808
3641	808
3178	706
749	1286
3736	276
5996	68
1508	835
1120	1524
1145	97
4471	172
4471	47
4870	246
4870	68
1396	1525
1415	68
6376	1186
1325	711
5553	706
5742	27
969	1299
898	17
961	804
3999	5
3999	68
3999	172
768	68
768	71
6205	71
1035	428
1035	808
3990	68
5900	692
5900	1525
5900	98
4062	1250
5894	47
4214	68
4214	71
6046	913
5392	239
5599	692
5599	1525
5599	98
6203	47
1437	21
678	276
2531	1526
4760	1526
1587	1527
561	1341
5083	1341
3938	372
3938	1492
5152	128
5621	828
3253	1528
5558	1528
1857	183
3061	1174
5154	749
6066	1529
4011	68
5671	1174
5061	47
6014	474
6014	68
6014	213
4663	214
3830	93
6227	321
5501	5
2450	577
3707	1505
5242	494
2816	1530
4887	916
2540	1530
6046	1531
3666	312
4622	367
6326	476
5468	134
1254	1509
1161	1509
657	1509
476	1509
1390	39
2758	1509
4779	1509
4464	1509
3538	39
474	1509
2620	1509
2565	1509
4778	1509
2124	1509
5117	39
5064	1509
4428	1509
1168	1509
4792	1509
4350	1509
4310	1509
1190	1509
5493	1509
5386	428
3028	428
4306	778
459	1012
2790	80
5830	1532
5276	1012
5342	1012
5447	45
6147	321
1692	1533
978	782
306	1534
3004	1534
3171	1179
5176	815
5424	815
444	400
5746	400
5988	400
114	45
5870	1535
4302	400
1109	400
2618	400
4211	400
1791	1536
1766	400
613	428
3809	473
3809	16
288	298
309	1537
2713	28
2715	16
2739	916
3230	1012
4963	916
4935	614
3192	530
5393	601
5393	916
1342	16
4800	298
5937	139
2701	16
2701	139
2022	1538
332	1539
2509	1536
4866	1536
2028	1536
146	1528
6393	1540
2596	1541
1842	1528
2658	1528
3005	1540
3460	1536
2254	1536
4951	1540
1464	29
5081	1536
6021	1536
1435	1536
4810	29
4269	1536
1451	29
5583	341
4208	1012
2232	81
2383	139
1606	828
2735	94
2089	1542
2083	647
3147	828
1938	539
5462	1543
2471	828
3464	828
2650	828
4998	16
5537	16
4818	26
6032	1191
6032	60
1388	1544
3873	149
5583	87
1121	81
4593	139
3882	1545
4212	87
3800	818
2850	476
3206	476
1362	271
2411	476
1488	476
4640	476
4135	476
5568	476
5570	271
898	271
4035	476
915	476
1777	96
